"camg" <-
structure(list(east = as.integer(c(5710, 5727, 5745, 5764, 5781, 
5799, 5817, 5837, 5873, 5907, 5925, 5943, 5961, 5681, 5698, 5734, 
5751, 5769, 5790, 5808, 5825, 5843, 5864, 5881, 5899, 5918, 5634, 
5653, 5670, 5688, 5705, 5723, 5744, 5761, 5797, 5818, 5836, 5871, 
5606, 5623, 5641, 5659, 5677, 5698, 5715, 5733, 5750, 5770, 5806, 
5825, 5541, 5559, 5576, 5595, 5613, 5631, 5651, 5668, 5686, 5704, 
5724, 5765, 5784, 5495, 5512, 5530, 5547, 5565, 5582, 5604, 5622, 
5658, 5677, 5713, 5448, 5466, 5484, 5501, 5518, 5536, 5557, 5575, 
5593, 5631, 5666, 5685, 5402, 5420, 5437, 5455, 5473, 5491, 5511, 
5529, 5547, 5584, 5638, 5355, 5373, 5391, 5409, 5427, 5445, 5466, 
5484, 5501, 5519, 5538, 5289, 5308, 5325, 5344, 5362, 5379, 5398, 
5437, 5455, 5473, 5243, 5261, 5279, 5297, 5316, 5334, 5351, 5374, 
5448, 5485, 5179, 5197, 5215, 5233, 5251, 5270, 5288, 5307, 5327, 
5363, 5437, 5131, 5150, 5169, 5186, 5204, 5222, 5240, 5258, 5283, 
5355, 5372, 5390, 5067, 5086, 5103, 5121, 5140, 5157, 5176, 5194, 
5213, 5269, 5343, 5362, 5021, 5039, 5057, 5075, 5093, 5112, 5129, 
5260, 5279, 4957, 4975, 4993, 5011, 5029, 5047)), north = as.integer(c(4829, 
4875, 4922, 4969, 5015, 5062, 5109, 5161, 5254, 5347, 5394, 5441, 
5487, 4891, 4937, 5031, 5078, 5125, 5178, 5225, 5271, 5319, 5371, 
5419, 5464, 5511, 4908, 4954, 5001, 5049, 5095, 5142, 5196, 5242, 
5336, 5390, 5436, 5529, 4972, 5019, 5066, 5112, 5159, 5214, 5260, 
5307, 5354, 5407, 5500, 5545, 4943, 4989, 5036, 5083, 5129, 5176, 
5230, 5277, 5325, 5371, 5423, 5513, 5561, 4961, 5006, 5054, 5100, 
5147, 5193, 5248, 5295, 5389, 5440, 5533, 4980, 5026, 5073, 5117, 
5164, 5211, 5266, 5314, 5360, 5458, 5552, 5598, 4997, 5044, 5090, 
5136, 5183, 5231, 5284, 5330, 5377, 5475, 5615, 5016, 5061, 5108, 
5155, 5201, 5247, 5302, 5348, 5395, 5441, 5494, 4984, 5030, 5077, 
5125, 5170, 5219, 5266, 5365, 5411, 5459, 5002, 5048, 5095, 5141, 
5188, 5235, 5281, 5337, 5529, 5620, 4973, 5020, 5068, 5113, 5160, 
5207, 5254, 5302, 5354, 5447, 5639, 4990, 5037, 5084, 5131, 5177, 
5225, 5270, 5317, 5380, 5564, 5610, 5656, 4961, 5008, 5054, 5101, 
5147, 5195, 5241, 5287, 5333, 5480, 5673, 5720, 4978, 5026, 5071, 
5118, 5165, 5212, 5259, 5597, 5645, 4951, 4997, 5044, 5090, 5136, 
5183)), elevation = c(6.1, 6.05, 6.3, 6.6, 6.6, 5.75, 5.35, 5.1, 
5, 5.2, 5.05, 4.65, 4.4, 6.1, 6.2, 5.65, 5.55, 5.3, 5, 5.1, 4.9, 
5.2, 5.1, 4.9, 4.5, 4.1, 6.35, 6.45, 6.2, 5.75, 5.5, 5.2, 5.2, 
5.35, 5.35, 5.2, 4.9, 4, 6.2, 5.75, 5.55, 5.4, 5.25, 5.45, 5.55, 
5.6, 5.8, 5.3, 4.7, 3.8, 6, 5.78, 5.4, 5.45, 5.2, 5.45, 5.5, 
5.6, 5.5, 5, 5.15, 4.2, 3.6, 6.1, 5.9, 5.65, 5.5, 5.32, 5.55, 
5.6, 5.5, 4.95, 5.4, 4, 5.9, 5.95, 5.75, 5.55, 5.51, 5.65, 5.64, 
5.05, 5.05, 4.9, 4.5, 4.05, 5.9, 5.9, 5.85, 5.85, 5.85, 5.95, 
5.75, 5.3, 5.1, 5, 4.35, 6.2, 6.25, 6.15, 6.2, 5.9, 5.85, 5.35, 
5.4, 5.8, 5.9, 5.75, 6.1, 6.25, 6.4, 6.35, 6, 5.7, 5.38, 5.85, 
5.95, 6, 6.05, 6.15, 6.25, 6, 5.6, 5.35, 5.2, 5.65, 6, 3.95, 
6.1, 6.18, 6.3, 6.25, 5.6, 5.2, 5.25, 5.65, 6.05, 6.5, 3.83, 
6.05, 6.33, 6.28, 6.1, 5.65, 5.25, 5.65, 5.95, 6.3, 4.35, 3.85, 
3.79, 5.8, 5.9, 6.13, 6, 5.65, 5.4, 5.85, 6.05, 6.25, 5.1, 3.78, 
3.3, 6.05, 5.8, 5.85, 5.68, 5.65, 5.83, 6.1, 4.25, 5.6, 6.3, 
6.25, 6.1, 6.05, 5.95, 6.13), region = structure(as.integer(c(3, 
3, 3, 3, 3, 3, 3, 3, 2, 2, 2, 2, 2, 3, 3, 3, 3, 3, 3, 2, 2, 2, 
2, 2, 2, 2, 3, 3, 3, 3, 3, 3, 3, 2, 2, 2, 2, 2, 3, 3, 3, 3, 3, 
3, 2, 2, 2, 2, 2, 2, 3, 3, 3, 3, 3, 3, 3, 2, 2, 2, 2, 2, 2, 3, 
3, 3, 3, 3, 3, 3, 2, 2, 2, 2, 3, 3, 3, 3, 3, 3, 3, 2, 2, 2, 2, 
2, 3, 3, 3, 3, 3, 3, 3, 2, 2, 2, 2, 3, 3, 3, 3, 3, 3, 3, 3, 2, 
2, 2, 3, 3, 3, 3, 3, 3, 3, 2, 2, 2, 3, 3, 3, 3, 3, 3, 3, 3, 1, 
1, 3, 3, 3, 3, 3, 3, 3, 3, 3, 1, 1, 3, 3, 3, 3, 3, 3, 3, 3, 1, 
1, 1, 1, 3, 3, 3, 3, 3, 3, 3, 3, 1, 1, 1, 1, 3, 3, 3, 3, 3, 3, 
3, 1, 1, 3, 3, 3, 3, 3, 3)), .Label = c("1", "2", "3"), class = "factor"), 
    ca020 = as.integer(c(52, 57, 72, 74, 68, 45, 47, 49, 38, 
    53, 60, 47, 34, 56, 66, 53, 43, 42, 49, 45, 53, 38, 47, 35, 
    60, 45, 60, 61, 58, 44, 50, 47, 49, 46, 43, 56, 43, 50, 61, 
    57, 57, 42, 41, 54, 46, 50, 43, 72, 56, 38, 64, 56, 68, 61, 
    50, 47, 58, 53, 47, 36, 41, 71, 44, 68, 67, 58, 52, 64, 54, 
    52, 46, 40, 39, 62, 58, 66, 50, 50, 61, 61, 58, 40, 44, 33, 
    28, 59, 66, 65, 54, 66, 71, 69, 59, 43, 41, 29, 72, 49, 53, 
    58, 55, 54, 56, 47, 43, 48, 47, 38, 58, 53, 52, 56, 53, 50, 
    47, 43, 40, 38, 58, 55, 65, 53, 58, 42, 46, 35, 27, 58, 56, 
    56, 66, 58, 45, 40, 48, 52, 31, 25, 40, 47, 42, 63, 63, 52, 
    39, 47, 42, 29, 37, 40, 52, 60, 50, 57, 68, 58, 43, 30, 28, 
    33, 21, 39, 36, 48, 58, 66, 51, 47, 46, 44, 35, 32, 64, 54, 
    62, 63, 78, 52)), mg020 = as.integer(c(18, 20, 22, 11, 34, 
    27, 27, 30, 25, 26, 35, 26, 34, 22, 21, 30, 24, 21, 26, 30, 
    36, 24, 27, 26, 30, 20, 24, 20, 34, 22, 25, 23, 32, 30, 25, 
    35, 33, 25, 30, 29, 24, 21, 22, 32, 32, 37, 29, 30, 30, 20, 
    24, 23, 34, 30, 19, 26, 31, 38, 34, 29, 34, 27, 22, 21, 22, 
    25, 27, 23, 29, 33, 39, 33, 25, 23, 21, 25, 27, 23, 27, 35, 
    35, 27, 29, 19, 19, 24, 23, 23, 26, 33, 33, 34, 37, 34, 27, 
    23, 33, 25, 28, 36, 42, 41, 35, 36, 35, 35, 30, 20, 22, 25, 
    30, 37, 36, 33, 31, 36, 29, 24, 26, 24, 29, 28, 27, 22, 19, 
    29, 13, 26, 30, 27, 14, 36, 30, 30, 28, 27, 24, 16, 22, 29, 
    29, 46, 37, 33, 22, 30, 23, 14, 20, 16, 30, 30, 31, 31, 40, 
    37, 25, 26, 19, 16, 18, 17, 20, 27, 20, 34, 31, 27, 22, 20, 
    18, 15, 21, 28, 33, 31, 33, 30)), ctc020 = c(106, 131.1, 
    114.6, 114.4, 124.4, 132.9, 128.6, 121.6, 121.8, 114.1, 130, 
    76.4, 87.2, 119.2, 123.9, 131.2, 129.1, 129.8, 128.5, 134.8, 
    142.5, 120.5, 119.9, 116.8, 115.3, 102.1, 136.9, 84.1, 146.4, 
    152.9, 138.2, 129.4, 128, 134.3, 122, 121.6, 109.3, 105.7, 
    142.5, 160.6, 181, 173.2, 170.3, 132, 129.2, 125.1, 103.6, 
    105.5, 90, 106.8, 112.3, 127.1, 148.1, 138.5, 133.9, 130.7, 
    133.9, 139.1, 125, 108.1, 130.5, 138.4, 134.2, 118, 128.3, 
    138.2, 133.1, 136.3, 130.9, 134.6, 129.6, 127.8, 106.9, 151.6, 
    117.5, 132.4, 134.9, 129, 145.1, 153.3, 150.4, 112.9, 133.2, 
    134, 154.4, 174.1, 128.3, 126.6, 126.6, 151.8, 153, 143.5, 
    146.8, 130.9, 117.7, 159.3, 166.1, 134.6, 147.8, 141.4, 137, 
    134.9, 135.7, 137.4, 148.1, 124.7, 138.4, 98.2, 127.1, 132.2, 
    140.1, 139.8, 139.2, 127.2, 137.8, 136.7, 119.6, 122.1, 128.2, 
    133.1, 128.8, 135.6, 132.3, 128.5, 135.4, 154.3, 97.6, 167.9, 
    132.2, 123.1, 130.3, 133.6, 130.7, 133.6, 125.7, 114.1, 132.3, 
    72, 174.5, 127.7, 130.4, 154.3, 152.2, 149.4, 113.4, 139.5, 
    146.9, 107.8, 163.8, 138.6, 154.9, 125.9, 136, 142.4, 156, 
    157.9, 120, 136.6, 119.9, 96.7, 117.8, 167.4, 186.2, 122.5, 
    134.8, 141.8, 143.9, 116.2, 124.1, 121, 160.1, 134.7, 113.6, 
    141.5, 155.2, 138.5, 151.5, 141.9), ca2040 = as.integer(c(40, 
    49, 63, 74, 44, 27, 35, 35, 29, 23, 59, 22, 32, 41, 62, 53, 
    48, 31, 38, 43, 63, 37, 41, 31, 64, 38, 59, 79, 43, 38, 47, 
    45, 37, 27, 32, 33, 56, 30, 58, 51, 54, 26, 26, 48, 28, 34, 
    30, 62, 25, 29, 71, 56, 68, 43, 41, 41, 55, 35, 38, 33, 39, 
    60, 45, 67, 55, 50, 32, 55, 25, 50, 29, 21, 37, 30, 54, 61, 
    40, 45, 32, 57, 57, 45, 23, 32, 44, 45, 60, 63, 27, 60, 68, 
    68, 59, 27, 39, 28, 66, 53, 53, 54, 50, 53, 56, 23, 38, 42, 
    41, 43, 55, 53, 53, 44, 53, 56, 51, 21, 35, 23, 58, 58, 66, 
    49, 56, 40, 41, 34, 21, 59, 49, 53, 50, 54, 44, 41, 46, 52, 
    24, 22, 44, 44, 43, 60, 58, 51, 40, 42, 42, 28, 41, 29, 30, 
    62, 50, 56, 68, 63, 38, 33, 25, 30, 22, 34, 24, 50, 51, 73, 
    49, 41, 41, 44, 31, 47, 56, 56, 57, 62, 76, 58)),