"elevation" <-
structure(list(coords = structure(c(0.3, 1.4, 2.4, 3.6, 5.7, 
1.6, 2.9, 3.4, 3.4, 4.8, 5.3, 6.2, 0.2, 0.9, 2.3, 2.5, 3, 3.5, 
4.1, 4.9, 6.3, 0.9, 1.7, 2.4, 3.7, 4.5, 5.2, 6.3, 0.3, 2, 3.8, 
6.3, 0.6, 1.5, 2.1, 2.1, 3.1, 4.5, 5.5, 5.7, 6.2, 0.4, 1.4, 1.4, 
2.1, 2.3, 3.1, 4.1, 5.4, 6, 5.7, 3.6, 6.1, 6.2, 6.1, 6.2, 6.2, 
5.2, 5.1, 5.3, 5.7, 5.6, 5, 5.2, 4.3, 4.2, 4.8, 4.5, 4.5, 4.5, 
4.6, 4.2, 4.3, 3.2, 3.8, 3.8, 3.5, 3.2, 3.2, 3.4, 2.4, 2.7, 2.3, 
2.2, 1.7, 1.8, 1.8, 1.1, 1.1, 1.8, 1.7, 1, 1, 0.5, 0.6, 0.1, 
0.7, 0.3, 0, 0.8, 0.4, 0.1, 3, 6), .Dim = c(52, 2), .Dimnames = list(
    c("1", "2", "3", "4", "5", "6", "7", "8", "9", "10", "11", 
    "12", "13", "14", "15", "16", "17", "18", "19", "20", "21", 
    "22", "23", "24", "25", "26", "27", "28", "29", "30", "31", 
    "32", "33", "34", "35", "36", "37", "38", "39", "40", "41", 
    "42", "43", "44", "45", "46", "47", "48", "49", "50", "51", 
    "52"), c("x", "y"))), data = c(870, 793, 755, 690, 800, 800, 
730, 728, 710, 780, 804, 855, 830, 813, 762, 765, 740, 765, 760, 
790, 820, 855, 812, 773, 812, 827, 805, 840, 890, 820, 873, 875, 
873, 865, 841, 862, 908, 855, 850, 882, 910, 940, 915, 890, 880, 
870, 880, 960, 890, 860, 830, 705)), .Names = c("coords", "data"
), class = "geodata")
