"head" <-
structure(list(coords = structure(c(6.86, 4.32, 5.98, 11.61, 
5.52, 10.87, 8.61, 12.64, 14.7, 13.91, 9.47, 14.36, 8.99, 11.93, 
11.75, 13.23, 13.56, 8.06, 10.95, 14.71, 16.27, 12.33, 13.01, 
13.56, 13.76, 12.54, 8.97, 9.22, 9.64, 6.41, 5.02, 6.01, 4.99, 
3.79, 8.27, 3.92, 6.77, 10.43, 10.91, 5.62, 11.03, 7.31, 6.78, 
10.8, 10.18, 9.74, 5.76, 3.72, 11.41, 7.27, 6.87, 7.05, 7.42, 
8.35, 9.04, 8.6, 8.55, 3.38), .Dim = as.integer(c(29, 2)), .Dimnames = list(
    NULL, c("x", "y"))), data = c(1061, 1194, 1117, 880, 1202, 
757, 1038, 817, 630, 617, 986, 625, 840, 847, 645, 662, 685, 
1023, 998, 584, 611, 847, 745, 725, 688, 676, 768, 782, 1022)), .Names = c("coords", 
"data"), class = "geodata")
