"hoef" <-
structure(list(x1 = c(1, 2, 3, 4, 5, 1, 2, 3, 4, 5, 1, 2, 3, 
4, 5, 1, 2, 3, 4, 5, 1, 2, 3, 4, 5), x2 = c(1, 1, 1, 1, 1, 2, 
2, 2, 2, 2, 3, 3, 3, 3, 3, 4, 4, 4, 4, 4, 5, 5, 5, 5, 5), dat = c(31, 
20, 19, 24, 24, 21, 23, 32, 19, 20, 29, 21, 16, 26, 30, 32, 31, 
22, 28, 29, 27, 26, 21, 21, 30), trat = as.factor(c(5, 2, 3, 1, 2, 3, 1, 
5, 2, 3, 5, 1, 3, 4, 4, 5, 5, 1, 4, 4, 3, 1, 2, 2, 4)), ut = c(25, 
23, 24, 24, 27, 26, 23, 26, 22, 25, 23, 21, 21, 20, 24, 26, 25, 
22, 22, 23, 32, 26, 24, 24, 24)), .Names = c("x1", "x2", "dat", 
"trat", "ut"), class = "data.frame", row.names = c("1", "2", 
"3", "4", "5", "6", "7", "8", "9", "10", "11", "12", "13", "14", 
"15", "16", "17", "18", "19", "20", "21", "22", "23", "24", "25"
))
