`kattegat` <-
structure(list(coords = structure(c(578.0956, 585.6413, 586.2722, 
586.4088, 587.952, 588.5952, 592.5234, 593.8769, 594.2006, 602.5671, 
604.1732, 604.9671, 609.1486, 609.2565, 609.909, 610.9487, 613.9743, 
619.3104, 619.584, 622.1708, 622.7206, 623.3609, 624.9764, 628.0386, 
628.328, 634.251, 636.4469, 639.1912, 639.2028, 645.6674, 650.1548, 
651.1051, 659.2315, 659.5294, 660.259, 661.1445, 662.7718, 663.8328, 
665.092, 668.055, 668.9019, 671.712, 673.8673, 676.9645, 678.3567, 
680.03, 680.3161, 682.208, 687.3218, 688.002, 690.148, 690.9924, 
695.384, 697.9877, 700.9156, 705.6731, 708.8756, 710.592, 711.6747, 
717.517, 717.5887, 718.057, 719.253, 719.328, 725.871, 727.562, 
728.56, 729.052, 733.007, 736.069, 6300.265, 6381.704, 6381.569, 
6302.099, 6382.31, 6275.049, 6303.77, 6383.984, 6276.099, 6367.06, 
6382.509, 6351.528, 6326.392, 6303.006, 6384.331, 6408.122, 6370.89, 
6393.508, 6384.233, 6222.003, 6412.178, 6397.715, 6270.217, 6257.091, 
6375.773, 6222.976, 6416.335, 6394.144, 6379.288, 6380.072, 6209.95, 
6381.57, 6341.946, 6383.193, 6395.017, 6342.02, 6326.296, 6312.222, 
6396.103, 6382.236, 6274.534, 6397.252, 6228.115, 6210.783, 6209.819, 
6355.251, 6247.143, 6361.665, 6252.09, 6337.028, 6218.59, 6284.767, 
6315.443, 6266.51, 6248.066, 6228.578, 6237.3, 6291.838, 6239.296, 
6266.541, 6224.725, 6235.901, 6245.255, 6251.393, 6247.33, 6251.826, 
6275.304, 6266.797, 6239.646, 6265.863), .Dim = as.integer(c(70, 
2)), .Dimnames = list(c("1", "2", "3", "4", "5", "6", "7", "8", 
"9", "10", "11", "12", "13", "14", "15", "16", "17", "18", "19", 
"20", "21", "22", "23", "24", "25", "26", "27", "28", "29", "30", 
"31", "32", "33", "34", "35", "36", "37", "38", "39", "40", "41", 
"42", "43", "44", "45", "46", "47", "48", "49", "50", "51", "52", 
"53", "54", "55", "56", "57", "58", "59", "60", "61", "62", "63", 
"64", "65", "66", "67", "68", "69", "70"), c("x.utm", "y.utm"
))), data = c(28.96950388, 32.918899803, 33.374893291, 29.025172907, 
33.80047937, 28.484411912, 29.127415088, 35.483096391, 27.361862526, 
30.934426534, 38.239643974, 29.81176175, 25.049824809, 27.783927075, 
33.40824054, 30.802821226, 30.364559308, 31.817608097, 27.138694555, 
25.87851444, 31.425465571, 24.786912994, 26.279204922, 26.600982941, 
29.839144773, 22.666907796, 30.755036622, 28.960253602, 29.294475797, 
27.839205352, 23.511288303, 28.346099311, 33.446909214, 29.239115644, 
25.857352886, 27.532302829, 25.464353361, 25.662047946, 24.11693922, 
26.073212955, 27.773808406, 18.756741905, 23.903568471, 23.01783905, 
22.883312776, 23.712844375, 27.448925338, 24.521712404, 23.858455768, 
23.987140436, 23.662333249, 24.484787584, 25.236942909, 24.894425105, 
23.463356258, 23.533757887, 22.365120162, 27.021711774, 16.210475416, 
22.584910412, 23.872006124, 19.41212284, 20.976113342, 20.998629568, 
23.905664591, 22.94243071, 24.155044974, 22.132260635, 19.494603169, 
21.662701754), call = quote(read.geodata(file = "Salinity.txt", 
    header = T)), dk = structure(list(dk1 = structure(c(465.3918, 
463.2722, 467.0407, 472.575, 475.8728, 480.229, 488.0008, 497.8923, 
500.6014, 512.1408, 518.7354, 522.6209, 528.0382, 533.5726, 536.8694, 
533.5726, 526.978, 523.0925, 517.0865, 498.3639, 492.3579, 494.5954, 
489.6497, 497.8923, 500.6014, 495.6557, 489.6497, 487.4122, 490.1204, 
488.4724, 494.5954, 499.5411, 494.0068, 478.1094, 473.6353, 479.1696, 
477.5208, 489.6497, 501.19, 495.6557, 491.2986, 485.7642, 481.4071, 
481.8778, 475.8728, 476.9321, 477.5208, 478.1094, 479.7583, 473.1637, 
473.1637, 468.6895, 465.9813, 467.6293, 470.3375, 474.8125, 472.575, 
479.7583, 478.1094, 474.2239, 471.5157, 471.5157, 477.5208, 476.9321, 
473.6353, 464.3325, 456.6785, 455.0297, 451.7328, 456.0899, 441.2527, 
446.7871, 449.0246, 447.8464, 447.8464, 444.5496, 448.4351, 450.6726, 
451.7328, 455.0297, 452.7922, 458.916, 461.6242, 458.916, 457.7379, 
447.3757, 446.1984, 444.5496, 444.5496, 445.7268, 446.1984, 447.3757, 
450.6726, 452.3214, 453.3808, 457.7379, 450.6726, 448.4351, 446.7871, 
446.1984, 446.1984, 451.7328, 453.3808, 450.6726, 452.7922, 456.6785, 
458.3265, 461.6242, 469.8668, 473.1637, 475.8728, 478.581, 478.1094, 
475.2833, 476.9321, 483.0551, 484.704, 483.5267, 481.4071, 481.8778, 
486.8236, 488.0008, 494.0068, 491.2986, 492.3579, 496.2443, 498.3639, 
498.9525, 504.9576, 504.9576, 501.19, 504.4868, 508.2553, 509.4326, 
507.1951, 507.7837, 505.5471, 502.838, 505.5471, 506.6065, 509.4326, 
512.1408, 516.4979, 517.0865, 515.4385, 518.1468, 523.6811, 522.6209, 
518.1468, 519.7948, 519.7948, 513.7897, 511.0814, 513.201, 514.849, 
512.7294, 511.5522, 512.7294, 510.4928, 515.4385, 518.7354, 526.3893, 
530.8643, 534.6319, 533.5726, 534.1612, 536.8694, 542.4038, 547.3495, 
553.9441, 557.7126, 560.5387, 562.6583, 565.9551, 568.1926, 572.5497, 
576.4352, 579.1434, 578.0841, 577.4954, 577.4954, 578.0841, 579.1434, 
580.7923, 575.8466, 572.5497, 569.8415, 566.5438, 564.8958, 559.95, 
557.2409, 552.2952, 558.8898, 563.2469, 567.0153, 568.1926, 571.4894, 
576.9068, 582.4411, 582.4411, 579.1434, 577.4954, 575.2579, 575.2579, 
574.7872, 574.1977, 571.4894, 565.9551, 569.8415, 574.1977, 580.2036, 
577.4954, 577.4954, 577.4954, 578.0841, 579.7329, 581.3809, 584.0891, 
589.6244, 597.8669, 606.1095, 612.7041, 615.4123, 619.2987, 618.1206, 
618.1206, 616.0009, 614.3529, 612.1155, 609.4073, 607.7584, 607.7584, 
606.5811, 603.2834, 601.6354, 602.8127, 603.2834, 601.1638, 600.5752, 
599.5158, 597.2783, 595.6294, 595.6294, 596.6897, 597.8669, 594.5701, 
591.7439, 595.0408, 593.9806, 590.0951, 588.4463, 586.7983, 584.0891, 
587.3869, 590.0951, 592.3326, 589.0349, 585.1494, 581.8525, 580.2036, 
575.2579, 578.5548, 579.1434, 579.7329, 578.5548, 575.8466, 574.7872, 
574.7872, 572.5497, 571.4894, 569.252, 566.5438, 561.598, 559.95, 
559.95, 557.7126, 555.0043, 553.3554, 555.0043, 557.2409, 560.5387, 
564.3063, 567.0153, 567.604, 566.5438, 564.8958, 564.3063, 566.5438, 
564.3063, 563.8355, 564.3063, 564.3063, 561.598, 558.8898, 556.0637, 
552.7668, 550.0586, 547.8211, 545.7015, 544.5234, 542.8754, 541.2265, 
537.9296, 535.8101, 537.4581, 540.7558, 543.464, 546.7609, 548.4098, 
553.3554, 548.9984, 546.7609, 547.3495, 542.4038, 537.4581, 536.8694, 
531.9237, 541.2265, 543.464, 537.9296, 538.5183, 541.8151, 541.2265, 
542.4038, 542.8754, 545.7015, 544.5234, 542.4038, 544.5234, 539.5776, 
536.8694, 532.9839, 531.9237, 530.8643, 530.8643, 534.1612, 535.2214, 
532.9839, 530.8643, 528.0382, 530.8643, 534.1612, 538.5183, 540.1671, 
542.8754, 546.1723, 547.8211, 547.8211, 548.9984, 546.1723, 547.8211, 
548.9984, 546.7609, 545.7015, 542.8754, 541.2265, 540.1671, 542.4038, 
539.5776, 537.4581, 536.8694, 534.1612, 527.5666, 528.0382, 537.9296, 
540.1671, 546.1723, 550.0586, 555.0043, 558.8898, 558.8898, 561.0094, 
562.6583, 561.598, 560.5387, 558.8898, 555.0043, 552.7668, 549.4691, 
547.8211, 544.5234, 541.2265, 538.5183, 535.2214, 538.5183, 539.5776, 
542.4038, 545.7015, 547.8211, 553.9441, 557.2409, 560.5387, 562.1866, 
566.5438, 566.5438, 566.5438, 564.8958, 558.8898, 555.0043, 557.7126, 
562.1866, 568.1926, 575.8466, 575.2579, 574.1977, 579.7329, 585.738, 
584.0891, 592.9212, 599.9866, 604.9323, 608.8178, 612.1155, 614.8237, 
618.7092, 622.0069, 624.7151, 627.5413, 631.3098, 634.1359, 636.2554, 
639.5523, 638.4921, 636.8441, 635.7839, 636.8441, 636.8441, 636.8441, 
635.1952, 633.5464, 630.8381, 629.6609, 626.9526, 624.7151, 620.3581, 
618.1206, 617.0612, 617.0612, 619.2987, 622.5956, 622.5956, 622.0069, 
624.2444, 624.7151, 626.9526, 625.8924, 624.2444, 630.2495, 636.2554, 
642.8492, 645.6753, 649.4438, 652.2699, 653.3293, 658.2749, 659.3352, 
661.5727, 664.2809, 665.9298, 670.4039, 671.4641, 668.1664, 664.8696, 
666.5184, 671.4641, 674.1724, 676.4099, 679.7067, 683.4752, 687.9493, 
691.247, 695.6041, 698.9009, 700.5498, 701.6092, 702.7864, 705.4956, 
703.2581, 704.9061, 707.7322, 710.4413, 715.9756, 719.2725, 720.3327, 
721.3921, 725.8671, 727.9867, 728.5753, 734.1096, 739.5261, 746.1207, 
