"Ksat" <-
structure(list(coords = structure(c(2.6, 3.3, 3.4, 2.5, 2.6, 
5.5, 5.7, 6, 6.2, 7.6, 7.8, 11.3, 11.6, 11.9, 12.1, 12.4, 15.3, 
17, 18.9, 16.3, 17.9, 17, 13.4, 15.2, 17.1, 18.9, 20.8, 13.3, 
15.3, 17.1, 18.9, 21, 2.4, 2.2, 1.6, 1.3, 0.8, 5.1, 4.6, 3.3, 
2.6, 3.8, 3.2, 7.9, 7, 6.2, 5.3, 4.5, 7.1, 7.3, 7.5, 9.1, 8.4, 
9.1, 3.4, 3.5, 3.6, 3.7, 4, 2.1, 2.2, 2.3, 2.4, 2.7), .Dim = as.integer(c(32, 
2)), .Dimnames = list(c("1", "2", "3", "4", "5", "6", "7", "8", 
"9", "10", "11", "12", "13", "14", "15", "16", "17", "18", "19", 
"20", "21", "22", "23", "24", "25", "26", "27", "28", "29", "30", 
"31", "32"), c("x", "y"))), data = c(0.02, 0.08, 0.036, 0.093, 
0.036, 0.82, 0.41, 0.093, 0.086, 0.25, 0.81, 3.24, 4.3, 2.3, 
0.3, 0.2, 0.56, 0.07, 0.33, 0.28, 0.062, 0.31, 3.38, 2.22, 0.13, 
0.67, 1.11, 0.09, 2.63, 0.29, 1.46, 1.24), borders = structure(list(
    x = c(0, 0.7, 2.2, 5, 8.7, 13.9, 19.8, 21, 22.4, 22.5), y = c(0, 
    1.6, 3.3, 5.7, 7.8, 10.4, 13, 10.5, 5.3, 0)), .Names = c("x", 
"y"), class = "data.frame", row.names = c("1", "2", "3", "4", 
"5", "6", "7", "8", "9", "10"))), .Names = c("coords", "data", 
"borders"), class = "geodata")
