"s100" <- 
structure(list(coords = matrix(c(0.80712671019136906, 0.54999807151034474, 
	0.34080554451793432, 0.13709931029006839, 0.044185692444443703, 
	0.027816359885036945, 0.72438529878854752, 0.24697387451305985, 
	0.52298387931659818, 0.2496004281565547, 0.028991738334298134, 
	0.1431424212642014, 0.086238803341984749, 0.98392054392024875, 
	0.079471597447991371, 0.47806540178135037, 0.63142601726576686, 
	0.82055020006373525, 0.93456090893596411, 0.094132198952138424, 
	0.58557709446176887, 0.6424179170280695, 0.50794567726552486, 
	0.36339767649769783, 0.51376408850774169, 0.26380650792270899, 
	0.86457986291497946, 0.0056380061432719231, 0.90725778182968497, 
	0.17779795033857226, 0.33019586699083447, 0.094165341928601265, 
	0.25778363971039653, 0.22686947789043188, 0.84611224429681897, 
	0.40495845908299088, 0.70719032734632492, 0.73298889445140958, 
	0.29306220728904009, 0.19297148520126939, 0.84977900004014373, 
	0.45702632376924157, 0.69153992086648941, 0.47588160028681159, 
	0.26541369035840034, 0.67922241427004337, 0.30641887569800019, 
	0.10858904384076595, 0.46477998839691281, 0.9680333798751235, 
	0.061719681136310101, 0.30642673885449767, 0.94701418839395046, 
	0.43085947446525097, 0.93184410920366645, 0.68919968511909246, 
	0.63498426042497158, 0.48569687129929662, 0.16337611014023423, 
	0.88779823575168848, 0.0068703116849064827, 0.447166598867625, 
	0.50651556765660644, 0.9675562740303576, 0.74790614517405629, 
	0.50318212015554309, 0.077190299052745104, 0.5888819950632751, 
	0.10819409834221005, 0.88668545568361878, 0.64707031473517418, 
	0.29039342422038317, 0.6587650584988296, 0.74858199106529355, 
	0.60409955633804202, 0.8510717460885644, 0.2984471470117569, 
	0.02076778095215559, 0.94028107263147831, 0.58688202267512679, 
	0.85059535410255194, 0.38138212589547038, 0.5775338183157146, 
	0.15835696738213301, 0.49152398156002164, 0.73334673279896379, 
	0.53632984682917595, 0.90022387076169252, 0.18626313842833042, 
	0.90458632912486792, 0.66404575202614069, 0.085919891018420458, 
	0.45504520181566477, 0.89055463997647166, 0.18480749567970634, 
	0.58583401376381516, 0.54133438318967819, 0.40625399397686124, 
	0.49531776830554008, 0.38566303066909313, 0.94544601300731301, 
	0.68326491676270962, 0.45850888034328818, 0.47200832422822714, 
	0.12232017470523715, 0.80374587560072541, 0.6233249488286674, 
	0.14205769635736942, 0.76201844355091453, 0.58405975811183453, 
	0.9560615555383265, 0.95199656672775745, 0.14106986345723271, 
	0.71920010773465037, 0.58686494454741478, 0.43981989938765764, 
	0.89451548783108592, 0.48675112426280975, 0.90151411760598421, 
	0.55364480847492814, 0.6976369135081768, 0.76206591771915555, 
	0.88213742570951581, 0.62456433195620775, 0.068266099318861961, 
	0.35663249157369137, 0.26637957291677594, 0.76928547210991383, 
	0.1357616214081645, 0.053212936967611313, 0.20887774648144841, 
	0.77715519070625305, 0.55595250288024545, 0.59507908811792731, 
	0.73963968316093087, 0.053829971700906754, 0.52866792306303978, 
	0.60828701267018914, 0.94696339964866638, 0.074820824433118105, 
	0.3783628880046308, 0.35670797154307365, 0.41060066176578403, 
	0.68247604789212346, 0.032653048168867826, 0.43100733356550336, 
	0.84172254335135221, 0.72541735647246242, 0.74625289300456643, 
	0.94756137067452073, 0.57977207330986857, 0.90216260589659214, 
	0.95192688051611185, 0.96433238359168172, 0.65749259013682604, 
	0.15415125247091055, 0.64798716781660914, 0.40060388622805476, 
	0.24714981345459819, 0.38501224247738719, 0.11247721174731851, 
	0.62429935811087489, 0.41561616118997335, 0.58564516250044107, 
	0.52078143507242203, 0.45504265557974577, 0.92241132538765669, 
	0.83999337395653129, 0.7630884712561965, 0.8352356250397861, 
	0.14569711638614535, 0.60043479455634952, 0.52603476820513606, 
	0.26287564961239696, 0.79045206587761641, 0.76730799023061991, 
	0.1661572502925992, 0.98308196477591991, 0.77707860944792628, 
	0.70516562322154641, 0.010910267475992441, 0.9912497908808291, 
	0.17780000669881701, 0.20805035438388586, 0.37358486047014594, 
	0.38444906054064631, 0.76250095805153251, 0.82685943180695176, 
	0.71121034119278193, 0.95129011943936348, 0.98082405980676413, 
	0.68740117410197854, 0.21624275902286172, 0.94962813565507531, 
	0.25771586783230305, 0.44893033849075437, 0.13499378738924861, 
	0.96311050420626998, 0.17356992745772004, 0.52014265954494476),
	ncol=2),
	data = c(0.91718875217951368,
	1.1483233540906543, 1.0327562997057935, 0.12195476725214387, 
	0.61529877761349172, -0.55060654281636467, 1.7038148867550866, 
	1.7479010203012721, 2.1008690730653319, 0.44122460880913639, 
	-0.0095363565905963402, -0.80144833308901664, -0.0019308963727725586,
	1.1419438128609063, 0.53867551458861018, 0.56112476038952641, 
	1.0843426059672516, 1.4942248674711278, 1.4517737091769016, 
	-0.75662243696875009, 1.7425368412090507, 1.9720699430624418, 
	0.86903050344309996, -0.22093192187119662, 1.3117251861204724, 
	1.561038128566387, 1.8435008499911785, 0.33317766272990318, 
	1.2230304764424147, 0.5450238236175865, 1.5829329116145006, 
	-0.81495805142910149, 0.054556701779654139, 0.40569741750324506, 
	1.4226655841979632, 1.7652989931105356, 1.1854706379314226, 
	1.7544353678761651, -1.1506248460666451, 1.5533570862881627, 
	1.1649510111067605, 0.25947990947309718, 1.5774264394821504, 
	0.83798307695578866, 1.6430874651847667, 1.7172314260223402, 
	0.99391755385086633, 0.12860306201604563, 0.80566651788376364, 
	0.7657770248006176, 0.1032904988989201, -1.1676954743268042, 
	0.71914878338197463, 0.35970927077184017, 1.7784226571403636, 
	2.0795654236158581, 2.8678969027446781, 0.56002127601571894, 
	0.27749095652446709, 1.792041134066106, 0.2001096320311031, 
	0.23775632618307183, 1.3085486213567772, 1.9449011488221781, 
	0.40213187039401721, 0.97964048725903174, -0.23850943482183704, 
	2.1561205832889683, -0.61099806597416217, 1.5462031744184936, 
	1.496030375120436, 0.35389800284972772, 1.9687174190519297, 
	2.1715776639009392, 1.965981721784692, 1.6202284891942846, 
	1.6372050699149807, 0.061662134593765031, 1.8101610142077365, 
	1.7263088905969155, 0.060908553883130323, -0.72982403159029297, 
	1.2103336419402468, 0.64394793010828033, -0.066323181821390756, 
	1.1626951165139294, 2.443485524259847, 1.8451807976038588, 
	1.1248445718036915, 1.3800251669296828, 1.3995387979357528, 
	1.3111491751405291, 1.606818085489534, 1.4293800865039437, 
	0.13473358016350365, 1.2848223192212394, 0.75724609135845966, 
	0.18618489551416972, 0.8910846759306511, 0.073563986156599426), 
	cov.model = "exponential", nugget = 0, cov.pars = c(1., 
	0.29999999999999999), kappa = 0.5, lambda=1), class="geodata")


