"s121" <- 
structure(list(coords = matrix(c(0., 0.10000000000000001, 0.20000000000000001, 
	0.30000000000000004, 0.40000000000000002, 0.5, 0.60000000000000009,
	0.70000000000000007, 0.80000000000000004, 0.90000000000000002, 1.,
	0., 0.10000000000000001, 0.20000000000000001, 0.30000000000000004,
	0.40000000000000002, 0.5, 0.60000000000000009, 0.70000000000000007,
	0.80000000000000004, 0.90000000000000002, 1., 0., 0.10000000000000001,
	0.20000000000000001, 0.30000000000000004, 0.40000000000000002, 0.5,
	0.60000000000000009, 0.70000000000000007, 0.80000000000000004, 
	0.90000000000000002, 1., 0., 0.10000000000000001, 0.20000000000000001,
	0.30000000000000004, 0.40000000000000002, 0.5, 0.60000000000000009,
	0.70000000000000007, 0.80000000000000004, 0.90000000000000002, 1.,
	0., 0.10000000000000001, 0.20000000000000001, 0.30000000000000004,
	0.40000000000000002, 0.5, 0.60000000000000009, 0.70000000000000007,
	0.80000000000000004, 0.90000000000000002, 1., 0., 0.10000000000000001,
	0.20000000000000001, 0.30000000000000004, 0.40000000000000002, 0.5,
	0.60000000000000009, 0.70000000000000007, 0.80000000000000004, 
	0.90000000000000002, 1., 0., 0.10000000000000001, 0.20000000000000001,
	0.30000000000000004, 0.40000000000000002, 0.5, 0.60000000000000009,
	0.70000000000000007, 0.80000000000000004, 0.90000000000000002, 1.,
	0., 0.10000000000000001, 0.20000000000000001, 0.30000000000000004,
	0.40000000000000002, 0.5, 0.60000000000000009, 0.70000000000000007,
	0.80000000000000004, 0.90000000000000002, 1., 0., 0.10000000000000001,
	0.20000000000000001, 0.30000000000000004, 0.40000000000000002, 0.5,
	0.60000000000000009, 0.70000000000000007, 0.80000000000000004, 
	0.90000000000000002, 1., 0., 0.10000000000000001, 0.20000000000000001,
	0.30000000000000004, 0.40000000000000002, 0.5, 0.60000000000000009,
	0.70000000000000007, 0.80000000000000004, 0.90000000000000002, 1.,
	0., 0.10000000000000001, 0.20000000000000001, 0.30000000000000004,
	0.40000000000000002, 0.5, 0.60000000000000009, 0.70000000000000007,
	0.80000000000000004, 0.90000000000000002, 1., 0., 0., 0., 0., 0., 0.,
	0., 0., 0., 0., 0., 0.10000000000000001, 0.10000000000000001, 
	0.10000000000000001, 0.10000000000000001, 0.10000000000000001, 
	0.10000000000000001, 0.10000000000000001, 0.10000000000000001, 
	0.10000000000000001, 0.10000000000000001, 0.10000000000000001, 
	0.20000000000000001, 0.20000000000000001, 0.20000000000000001, 
	0.20000000000000001, 0.20000000000000001, 0.20000000000000001, 
	0.20000000000000001, 0.20000000000000001, 0.20000000000000001, 
	0.20000000000000001, 0.20000000000000001, 0.30000000000000004, 
	0.30000000000000004, 0.30000000000000004, 0.30000000000000004, 
	0.30000000000000004, 0.30000000000000004, 0.30000000000000004, 
	0.30000000000000004, 0.30000000000000004, 0.30000000000000004, 
	0.30000000000000004, 0.40000000000000002, 0.40000000000000002, 
	0.40000000000000002, 0.40000000000000002, 0.40000000000000002, 
	0.40000000000000002, 0.40000000000000002, 0.40000000000000002, 
	0.40000000000000002, 0.40000000000000002, 0.40000000000000002, 0.5,
	0.5, 0.5, 0.5, 0.5, 0.5, 0.5, 0.5, 0.5, 0.5, 0.5, 0.60000000000000009,
	0.60000000000000009, 0.60000000000000009, 0.60000000000000009, 
	0.60000000000000009, 0.60000000000000009, 0.60000000000000009, 
	0.60000000000000009, 0.60000000000000009, 0.60000000000000009, 
	0.60000000000000009, 0.70000000000000007, 0.70000000000000007, 
	0.70000000000000007, 0.70000000000000007, 0.70000000000000007, 
	0.70000000000000007, 0.70000000000000007, 0.70000000000000007, 
	0.70000000000000007, 0.70000000000000007, 0.70000000000000007, 
	0.80000000000000004, 0.80000000000000004, 0.80000000000000004, 
	0.80000000000000004, 0.80000000000000004, 0.80000000000000004, 
	0.80000000000000004, 0.80000000000000004, 0.80000000000000004, 
	0.80000000000000004, 0.80000000000000004, 0.90000000000000002, 
	0.90000000000000002, 0.90000000000000002, 0.90000000000000002, 
	0.90000000000000002, 0.90000000000000002, 0.90000000000000002, 
	0.90000000000000002, 0.90000000000000002, 0.90000000000000002, 
	0.90000000000000002, 1., 1., 1., 1., 1., 1., 1., 1., 1., 1., 1.), 
	ncol=2),