"s256i" <-
structure(list(coords = structure(c(0.9585463386029, 0.0585603583604097, 
0.0634512766264379, 0.427794149611145, 0.506414793431759, 0.0672313128598034, 
0.215026486665010, 0.147575314622372, 0.89248376339674, 0.94431666797027, 
0.475175879895687, 0.489053888246417, 0.936821150127798, 0.450775820296258, 
0.886057125870138, 0.526092428248376, 0.112059650942683, 0.465204816311598, 
0.82839033799246, 0.658456456847489, 0.217753603588790, 0.541648079175502, 
0.20143901091069, 0.8269371422939, 0.319908021949232, 0.173504002392292, 
0.949389228131622, 0.354462277144194, 0.346114346757531, 0.904777156654745, 
0.0423862473107874, 0.910831841640174, 0.396238358225673, 0.810956898145378, 
0.489463131409138, 0.854816063307226, 0.606963966973126, 0.338764484971762, 
0.19162934506312, 0.89630459016189, 0.614171728026122, 0.714938139077276, 
0.227776212617755, 0.515630303416401, 0.92341614374891, 0.729386585298926, 
0.733113946393132, 0.352393463253975, 0.950424135662615, 0.634890454355627, 
0.00399999087676406, 0.28979680640623, 0.813593179453164, 0.331236334983259, 
0.842494790442288, 0.404173266142607, 0.393115750048310, 0.517294675577432, 
0.0792741496115923, 0.372018824331462, 0.595002349931747, 0.862791164778173, 
0.398139430209994, 0.178118404000998, 0.227129904087633, 0.519647520966828, 
0.139431937597692, 0.59345807461068, 0.661964672151953, 0.940558105241507, 
0.236465634778142, 0.672991377767175, 0.430099211167544, 0.816513005644083, 
0.43283684598282, 0.0378675214014947, 0.218587835785002, 0.35203302372247, 
0.471525981090963, 0.0613331077620387, 0.699426651932299, 0.751048013567924, 
0.353836691472679, 0.352294304873794, 0.779515880160034, 0.353509697131813, 
0.113897189963609, 0.727793539874256, 0.300475507043302, 0.173993602395058, 
0.0807133987545967, 0.432588952127844, 0.532287166453898, 0.998801232781261, 
0.768017404712737, 0.829768551513553, 0.270342382136732, 0.993926736526191, 
0.332894244231284, 0.0898476280272007, 0.509349058382213, 0.156219169031829, 
0.346922243945301, 0.470520846545696, 0.290084325242788, 0.0279742889106274, 
0.566644011531025, 0.95315306307748, 0.85465747024864, 0.638624190352857, 
0.414376449305564, 0.829672223888338, 0.460234182886779, 0.419654977973551, 
0.454668048303574, 0.0783069743774831, 0.202891848050058, 0.689917708747089, 
0.337179799564183, 0.25231580901891, 0.433873954229057, 0.277984931599349, 
0.742025950923562, 0.473744814284146, 0.698102486785501, 0.268823241349310, 
0.75783010199666, 0.277150243055075, 0.962875196244568, 0.703773527406156, 
0.92550532752648, 0.398067793343216, 0.334770286921412, 0.577101107221097, 
0.424047255888581, 0.523032166063786, 0.279938244726509, 0.74123477190733, 
0.519379242323339, 0.97484580380842, 0.245410175994039, 0.591012382414192, 
0.439818273298442, 0.457909164950252, 0.280680641997606, 0.141931529156864, 
0.0270403572358191, 0.291081266477704, 0.181041271891445, 0.885956960264593, 
0.07571053924039, 0.0885728541761637, 0.509718879126012, 0.555378780700266, 
0.0405722819268703, 0.627662095241249, 0.483348371461034, 0.285466786939651, 
0.140510618221015, 0.969872096087784, 0.455694432836026, 0.767010540235788, 
0.107300877105445, 0.217401650734246, 0.380300514865667, 0.689875298179686, 
0.565385865513235, 0.829033443238586, 0.611956350039691, 0.999277621507645, 
0.431351572275162, 0.233359279576689, 0.893525593914092, 0.934956089127809, 
0.785579492803663, 0.271056782919914, 0.481835667975247, 0.935804694425315, 
0.96814313158393, 0.249701004941016, 0.417609867174178, 0.459053897298872, 
0.942023567389697, 0.249764261301607, 0.590445818845183, 0.482792438473552, 
0.98510261066258, 0.943112531676888, 0.923105009365827, 0.676871089730412, 
0.792697605676949, 0.166908503510058, 0.109762514941394, 0.606402406934649, 
0.441510429605842, 0.363847091794014, 0.380907539278269, 0.899638420436531, 
0.7481629117392, 0.859798486344516, 0.826683996245265, 0.382867386098951, 
0.426390826236457, 0.846862950827926, 0.43630815576762, 0.898661064915359, 
0.090034076012671, 0.414712813217193, 0.842417649924755, 0.216702576261014, 
0.857143447268754, 0.821668382268399, 0.0966499564237893, 0.523073626682162, 
0.774701858870685, 0.189396166242659, 0.382846591528505, 0.63214584486559, 
0.698916622903198, 0.911534157115966, 0.741185733117163, 0.709862275514752, 
0.979014333337545, 0.693993021734059, 0.698440085630864, 0.424864409025759, 
0.0769865470938385, 0.248146669473499, 0.110306217800826, 0.606500484980643, 
0.271965091582388, 0.340995256789029, 0.579121160320938, 0.800552307628095, 
0.620664500631392, 0.0488713318482041, 0.972625657450408, 0.979167745448649, 
0.648826216813177, 0.152075511869043, 0.467129246331751, 0.44936893787235, 
0.38890756200999, 0.423026562668383, 0.757708218879998, 0.838139998260885, 
0.491686277091503, 0.524647453334183, 0.0531475809402764, 0.715014677960426, 
0.572743349242955, 0.647567552048713, 0.822299353778362, 0.65548619069159, 
0.522199719212949, 0.267310691531748, 0.686725506559014, 0.462454560678452, 
0.42088961834088, 0.606245886068791, 0.641886620316654, 0.558328560553491, 
0.668554049916565, 0.846995584666729, 0.715073986444622, 0.314362574834377, 
0.504741649609059, 0.232380979228765, 0.349571253173053, 0.627813013270497, 
0.876852420624346, 0.638212769757956, 0.62498626159504, 0.524952137842774, 
0.227107627782971, 0.702478440944105, 0.156064263079315, 0.817603825591505, 
0.756673191674054, 0.463181929197162, 0.134381801355630, 0.101303552277386, 
0.549133749678731, 0.968504978343844, 0.239607610274106, 0.73130446113646, 
0.400284304283559, 0.253995877690613, 0.85516639938578, 0.90223990008235, 
0.288024051580578, 0.156836707144976, 0.72766275331378, 0.489563258830458, 
0.649018861353397, 0.687278442084789, 0.476042847149074, 0.606101664714515, 
0.133205697406083, 0.726512673776597, 0.728896004147828, 0.929225326981395, 
0.672152971383184, 0.919972268398851, 0.324178413953632, 0.996592965442687, 
0.890294317621738, 0.567263853736222, 0.789361151400954, 0.930137395858765, 
0.452467752154917, 0.809425186831504, 0.206117149908096, 0.907772012986243, 
0.115255190990865, 0.351196370553225, 0.925362440757453, 0.89994652196765, 
0.619686749298126, 0.705158432479948, 0.712081708014011, 0.49047519499436, 
0.0686359144747257, 0.396809579338878, 0.133429841138422, 0.897588255815208, 
0.35314248688519, 0.173690841067582, 0.31116523174569, 0.434167035389692, 
0.592393673490733, 0.312044968362898, 0.927003832999617, 0.649450251366943, 
0.500049184542149, 0.681891422718763, 0.296947591006756, 0.249119292479008, 
0.763868853449821, 0.129264004528522, 0.0638669757172465, 0.38387263007462, 
0.567903254646808, 0.711150805931538, 0.151248879730701, 0.353608784731477, 
0.864711382891983, 0.85539119783789, 0.463133452925831, 0.805429955478758, 
0.092024422250688, 0.257384273223579, 0.726523764431477, 0.81070235883817, 
0.571445727255195, 0.404063284862787, 0.670888998545706, 0.00658706109970808, 
0.0584344360977411, 0.587628767825663, 0.777185063809156, 0.220441035460681, 
0.207010004669428, 0.799033825285733, 0.901068958919495, 0.980532880872488, 
0.37742730602622, 0.855953877791762, 0.370260960422456, 0.461287882644683, 
0.23008807329461, 0.465549245942384, 0.0059347185306251, 0.50506367534399, 
0.624241483863443, 0.264039356727153, 0.840454307384789, 0.493377527687699, 
0.908671751618385, 0.0139089114964008, 0.129980612080544, 0.830018860287964, 
0.355566927231848, 0.377872737124562, 0.113384874537587, 0.970487309154123, 
0.982102888636291, 0.313818218186498, 0.490007319953293, 0.450281831901520, 
0.797507889568806, 0.590542846824974, 0.586859893519431, 0.319163677748293, 
0.641954105813056, 0.292848151177168, 0.0702595855109394, 0.508522902149707, 
0.281039613299072, 0.48689136095345, 0.247648381628096, 0.284806729760021, 
0.181639187037945, 0.788419398013502, 0.745999188628048, 0.99077800149098, 
0.221358183771372, 0.706643947865814, 0.535296589601785, 0.913967785425484, 
0.318184379022568, 0.733042614068836, 0.169631175231189, 0.379121923353523, 
