"sic.100" <-
structure(list(coords = structure(c(29.527391, 33.779391, 46.806391, 
48.714391, 49.316391, 53.210391, 54.510391, 60.310391, 60.798391, 
60.818391, 76.450391, 77.703391, 85.258391, 86.300391, 86.207391, 
94.396391, 101.283391, 106.136391, 107.313391, 123.547391, 124.590391, 
127.396391, 127.477391, 135.858391, 140.106391, 141.565391, 143.232391, 
144.679391, 145.273391, 146.012391, 148.430391, 150.380391, 152.772391, 
152.804391, 155.962391, 156.423391, 163.466391, 170.244391, 171.780391, 
176.312391, 184.012391, 183.961391, 186.168391, 191.404391, 194.354391, 
195.728391, 200.359391, 201.253391, 201.206391, 202.291391, 203.140391, 
204.135391, 203.864391, 207.622391, 209.267391, 211.370391, 212.156391, 
214.783391, 215.978391, 217.718391, 219.376391, 219.442391, 224.215391, 
226.553391, 225.852391, 225.841391, 229.148391, 233.575391, 233.162391, 
235.708391, 235.446391, 236.246391, 238.428391, 241.216391, 240.774391, 
241.918391, 243.302391, 248.286391, 251.849391, 251.950391, 254.684391, 
255.530391, 257.971391, 256.875391, 264.891391, 266.710391, 266.457391, 
268.177391, 275.178391, 277.060391, 283.142391, 281.626391, 284.536391, 
290.881391, 292.860391, 294.997391, 298.086391, 312.067391, 315.292391, 
320.911391, 80.718541, 99.529541, 102.584541, 121.453541, 113.655541, 
79.099541, 106.879541, 132.350541, 75.620541, 76.732541, 97.599541, 
177.651541, 179.762541, 93.005541, 30.730541, 129.596541, 68.350541, 
19.368541, 131.669541, 73.697541, 110.385541, 182.643541, 193.762541, 
84.735541, 169.221541, 159.206541, 193.669541, 181.431541, 143.622541, 
139.172541, 179.192541, 85.781541, 120.245541, 131.364541, 183.617541, 
54.630541, 173.597541, 110.212541, 60.175541, 128.007541, 79.094541, 
101.333541, 130.249541, 150.281541, 168.084541, 198.112541, 172.560541, 
145.877541, 154.773541, 93.620541, 78.057541, 36.920541, 217.056541, 
213.744541, 76.982541, 104.796541, 207.103541, 157.084541, 197.124541, 
72.595541, 57.041541, 141.553541, 198.306541, 28.192541, 183.866541, 
184.978541, 78.257541, 20.477541, 202.844541, 176.183541, 199.533541, 
195.094541, 136.181541, 92.844541, 192.922541, 160.687541, 170.713541, 
77.363541, 151.920541, 198.628541, 111.925541, 158.644541, 95.291541, 
169.785541, 186.590541, 121.004541, 136.570541, 77.655541, 71.100541, 
94.489541, 95.713541, 175.762541, 62.374541, 90.303541, 68.098541, 
112.632541, 110.473541, 66.296541, 59.699541, 49.825541), .Dim = c(100, 
2), .Dimnames = list(c("13", "14", "22", "23", "24", "29", "30", 
"35", "36", "37", "52", "55", "66", "71", "73", "84", "95", "102", 
"105", "126", "130", "136", "138", "159", "168", "172", "178", 
"181", "185", "188", "192", "198", "202", "203", "207", "208", 
"218", "224", "226", "235", "245", "246", "247", "254", "261", 
"263", "274", "275", "276", "277", "281", "283", "287", "292", 
"293", "300", "302", "305", "314", "317", "320", "322", "335", 
"336", "341", "342", "344", "357", "362", "368", "369", "372", 
"373", "377", "378", "381", "384", "392", "399", "400", "401", 
"406", "408", "409", "421", "423", "424", "425", "436", "442", 
"449", "450", "451", "455", "456", "458", "460", "466", "468", 
"471"), c("V2", "V3"))), data = structure(c(151, 255, 79, 191, 
194, 334, 107, 296, 394, 394, 324, 105, 135, 585, 114, 334, 131, 
78, 398, 141, 192, 151, 107, 145, 334, 327, 213, 331, 400, 327, 
380, 94, 185, 239, 330, 30, 254, 53, 78, 71, 62, 71, 59, 60, 
124, 153, 75, 137, 86, 129, 345, 441, 184, 121, 346, 270, 100, 
45, 107, 359, 278, 72, 131, 90, 141, 131, 452, 16, 136, 130, 
118, 109, 145, 254, 140, 152, 60, 283, 184, 127, 220, 178, 218, 
137, 144, 230, 282, 129, 65, 190, 170, 156, 131, 10, 99, 92, 
67, 18, 20, 55), .Names = c("13", "14", "22", "23", "24", "29", 
"30", "35", "36", "37", "52", "55", "66", "71", "73", "84", "95", 
"102", "105", "126", "130", "136", "138", "159", "168", "172", 
"178", "181", "185", "188", "192", "198", "202", "203", "207", 
"208", "218", "224", "226", "235", "245", "246", "247", "254", 
"261", "263", "274", "275", "276", "277", "281", "283", "287", 
"292", "293", "300", "302", "305", "314", "317", "320", "322", 
"335", "336", "341", "342", "344", "357", "362", "368", "369", 
"372", "373", "377", "378", "381", "384", "392", "399", "400", 
"401", "406", "408", "409", "421", "423", "424", "425", "436", 
"442", "449", "450", "451", "455", "456", "458", "460", "466", 
"468", "471")), altitude = c(682, 813, 436, 833, 579, 525, 433, 
1169, 548, 784, 785, 598, 434, 753, 466, 435, 1097, 2054, 698, 
1285, 539, 334, 248, 1001, 799, 468, 300, 413, 654, 824, 596, 
1217, 946, 1223, 573, 725, 388, 690, 1576, 1770, 1379, 1220, 
763, 436, 565, 407, 589, 750, 609, 1091, 1312, 806, 756, 491, 
996, 1079, 423, 406, 463, 943, 1094, 904, 466, 828, 546, 532, 
936, 770, 624, 765, 454, 442, 657, 1606, 433, 647, 843, 1916, 
1012, 474, 1085, 1328, 1869, 956, 459, 1275, 465, 1529, 2040, 
1076, 1202, 398, 1667, 1433, 1989, 2418, 1720, 2332, 1058, 731
)), .Names = c("coords", 
"data", "altitude"), class = "geodata")
