`soil250` <-
structure(list(Linha = c(0, 0, 0, 0, 0, 0, 0, 0, 0, 0, 0, 0, 
0, 0, 0, 0, 0, 0, 0, 0, 0, 0, 0, 0, 0, 5, 5, 5, 5, 5, 5, 5, 5, 
5, 5, 5, 5, 5, 5, 5, 5, 5, 5, 5, 5, 5, 5, 5, 5, 5, 10, 10, 10, 
10, 10, 10, 10, 10, 10, 10, 10, 10, 10, 10, 10, 10, 10, 10, 10, 
10, 10, 10, 10, 10, 10, 15, 15, 15, 15, 15, 15, 15, 15, 15, 15, 
15, 15, 15, 15, 15, 15, 15, 15, 15, 15, 15, 15, 15, 15, 15, 20, 
20, 20, 20, 20, 20, 20, 20, 20, 20, 20, 20, 20, 20, 20, 20, 20, 
20, 20, 20, 20, 20, 20, 20, 20, 25, 25, 25, 25, 25, 25, 25, 25, 
25, 25, 25, 25, 25, 25, 25, 25, 25, 25, 25, 25, 25, 25, 25, 25, 
25, 30, 30, 30, 30, 30, 30, 30, 30, 30, 30, 30, 30, 30, 30, 30, 
30, 30, 30, 30, 30, 30, 30, 30, 30, 30, 35, 35, 35, 35, 35, 35, 
35, 35, 35, 35, 35, 35, 35, 35, 35, 35, 35, 35, 35, 35, 35, 35, 
35, 35, 35, 40, 40, 40, 40, 40, 40, 40, 40, 40, 40, 40, 40, 40, 
40, 40, 40, 40, 40, 40, 40, 40, 40, 40, 40, 40, 45, 45, 45, 45, 
45, 45, 45, 45, 45, 45, 45, 45, 45, 45, 45, 45, 45, 45, 45, 45, 
45, 45, 45, 45, 45), Coluna = c(0, 5, 10, 15, 20, 25, 30, 35, 
40, 45, 50, 55, 60, 65, 70, 75, 80, 85, 90, 95, 100, 105, 110, 
115, 120, 0, 5, 10, 15, 20, 25, 30, 35, 40, 45, 50, 55, 60, 65, 
70, 75, 80, 85, 90, 95, 100, 105, 110, 115, 120, 0, 5, 10, 15, 
20, 25, 30, 35, 40, 45, 50, 55, 60, 65, 70, 75, 80, 85, 90, 95, 
100, 105, 110, 115, 120, 0, 5, 10, 15, 20, 25, 30, 35, 40, 45, 
50, 55, 60, 65, 70, 75, 80, 85, 90, 95, 100, 105, 110, 115, 120, 
0, 5, 10, 15, 20, 25, 30, 35, 40, 45, 50, 55, 60, 65, 70, 75, 
80, 85, 90, 95, 100, 105, 110, 115, 120, 0, 5, 10, 15, 20, 25, 
30, 35, 40, 45, 50, 55, 60, 65, 70, 75, 80, 85, 90, 95, 100, 
105, 110, 115, 120, 0, 5, 10, 15, 20, 25, 30, 35, 40, 45, 50, 
55, 60, 65, 70, 75, 80, 85, 90, 95, 100, 105, 110, 115, 120, 
0, 5, 10, 15, 20, 25, 30, 35, 40, 45, 50, 55, 60, 65, 70, 75, 
80, 85, 90, 95, 100, 105, 110, 115, 120, 0, 5, 10, 15, 20, 25, 
30, 35, 40, 45, 50, 55, 60, 65, 70, 75, 80, 85, 90, 95, 100, 
105, 110, 115, 120, 0, 5, 10, 15, 20, 25, 30, 35, 40, 45, 50, 
55, 60, 65, 70, 75, 80, 85, 90, 95, 100, 105, 110, 115, 120), 
    Cota = c(578.295, 578.46, 578.491, 578.699, 578.749, 578.726, 
    578.785, 578.831, 578.918, 579.065, 579.066, 579.14, 579.13, 
    579.21, 579.23, 579.272, 579.298, 579.341, 579.41, 579.465, 
    579.545, 579.595, 579.636, 579.709, 579.765, 578.61, 578.669, 
    578.77, 578.91, 579.02, 579.05, 579.105, 579.125, 579.209, 
    579.333, 579.385, 579.409, 579.483, 579.497, 579.529, 579.518, 
    579.525, 579.617, 579.672, 579.735, 579.775, 579.839, 579.85, 
    579.89, 579.91, 578.929, 578.965, 579.08, 579.204, 579.238, 
    579.281, 579.279, 579.334, 579.46, 579.64, 579.635, 579.701, 
    579.704, 579.724, 579.751, 579.792, 579.749, 579.812, 579.865, 
    579.898, 579.931, 580.008, 580.017, 580.03, 579.995, 579.211, 
    579.281, 579.315, 579.399, 579.491, 579.546, 579.55, 579.603, 
    579.743, 579.775, 579.815, 579.826, 579.912, 579.88, 579.94, 
    579.87, 579.875, 579.947, 580.007, 580.04, 580.053, 580.059, 
    580.056, 580.05, 580.096, 579.495, 579.545, 579.511, 579.616, 
    579.709, 579.775, 579.837, 579.857, 579.954, 580.025, 580.048, 
    580.061, 580.062, 580.093, 580.105, 580.114, 580.111, 580.155, 
    580.177, 580.2, 580.2, 580.18, 580.219, 580.23, 580.23, 579.733, 
    579.788, 579.75, 579.89, 579.954, 579.98, 580.018, 580.041, 
    580.053, 580.098, 580.123, 580.152, 580.148, 580.187, 580.2, 
    580.172, 580.189, 580.168, 580.22, 580.2, 580.205, 580.188, 
    580.199, 580.218, 580.22, 579.939, 579.969, 579.986, 580.07, 
    580.16, 580.21, 580.213, 580.198, 580.188, 580.172, 580.147, 
    580.165, 580.177, 580.218, 580.199, 580.196, 580.196, 580.165, 
    580.149, 580.184, 580.17, 580.159, 580.119, 580.115, 580.151, 
    580.077, 580.11, 580.095, 580.188, 580.289, 580.26, 580.222, 
    580.184, 580.166, 580.14, 580.14, 580.155, 580.18, 580.246, 
    580.212, 580.197, 580.172, 580.131, 580.112, 580.113, 580.118, 
    580.129, 580.118, 580.113, 580.076, 580.096, 580.15, 580.19, 
    580.295, 580.315, 580.305, 580.231, 580.25, 580.202, 580.171, 
    580.178, 580.205, 580.226, 580.228, 580.17, 580.18, 580.175, 
    580.158, 580.128, 580.328, 580.125, 580.15, 580.158, 580.169, 
    580.098, 580.102, 580.16, 580.249, 580.318, 580.35, 580.34, 
    580.31, 580.279, 580.218, 580.061, 580.231, 580.231, 580.23, 
    580.205, 580.169, 580.165, 580.176, 580.191, 580.165, 580.138, 
    580.129, 580.131, 580.12, 580.098, 580.036), AGrossa = c(9, 
    9, 9, 11, 9, 8, 8, 8, 8, 9, 8, 8, 8, 8, 9, 8, 9, 8, 9, 8, 
    10, 8, 10, 9, 9, 10, 9, 11, 9, 8, 8, 8, 8, 8, 8, 8, 8, 7, 
    6, 8, 7, 8, 8, 6, 8, 8, 9, 9, 9, 9, 9, 7, 8, 7, 8, 8, 9, 
    9, 8, 8, 8, 9, 9, 9, 8, 8, 8, 8, 7, 9, 8, 8, 9, 9, 10, 8, 
    8, 9, 9, 8, 8, 9, 9, 8, 8, 8, 9, 9, 8, 9, 8, 8, 8, 8, 9, 
    10, 10, 9, 10, 9, 9, 9, 8, 9, 10, 9, 8, 8, 9, 9, 9, 8, 10, 
    10, 9, 9, 9, 9, 9, 9, 9, 9, 9, 10, 10, 8, 8, 8, 8, 9, 9, 
    9, 8, 9, 9, 8, 9, 9, 10, 9, 10, 10, 9, 9, 10, 10, 9, 9, 10, 
    11, 7, 8, 8, 8, 9, 9, 8, 8, 8, 9, 9, 9, 9, 10, 10, 9, 10, 
    8, 9, 9, 9, 9, 9, 9, 9, 8, 8, 8, 8, 9, 8, 9, 9, 9, 8, 8, 
    9, 9, 9, 9, 9, 9, 9, 9, 9, 9, 9, 9, 10, 10, 8, 8, 8, 7, 8, 
    8, 9, 9, 9, 8, 8, 9, 9, 9, 9, 9, 9, 9, 10, 10, 10, 10, 10, 
    10, 10, 7, 7, 7, 7, 8, 9, 8, 10, 10, 9, 9, 10, 10, 10, 10, 
    10, 10, 10, 10, 10, 11, 11, 11, 10, 10), Silte = c(26, 26, 
    25, 28, 27, 27, 28, 24, 25, 25, 27, 24, 24, 25, 26, 25, 24, 
    25, 24, 26, 24, 26, 23, 22, 25, 23, 27, 27, 25, 26, 25, 26, 
    24, 25, 26, 26, 26, 24, 27, 26, 24, 25, 24, 28, 24, 25, 24, 
    25, 25, 25, 25, 25, 25, 26, 27, 26, 25, 24, 25, 25, 27, 26, 
    23, 24, 25, 26, 24, 24, 24, 25, 25, 26, 24, 25, 23, 26, 27, 
    27, 26, 25, 25, 24, 25, 24, 25, 25, 25, 25, 26, 25, 26, 27, 
    26, 27, 25, 25, 24, 26, 24, 25, 25, 25, 27, 28, 28, 28, 30, 
    26, 25, 28, 26, 26, 25, 24, 26, 26, 28, 29, 29, 30, 27, 27, 
    22, 26, 27, 27, 27, 26, 27, 26, 27, 27, 27, 27, 27, 28, 28, 
    30, 25, 30, 28, 25, 29, 28, 26, 26, 26, 26, 27, 28, 25, 24, 
    25, 24, 23, 24, 25, 27, 25, 28, 26, 27, 28, 26, 25, 30, 27, 
    30, 30, 28, 27, 27, 28, 29, 29, 27, 25, 26, 24, 25, 27, 27, 
    27, 29, 28, 27, 28, 28, 25, 27, 27, 27, 27, 28, 26, 27, 27, 
    27, 27, 28, 24, 24, 22, 25, 24, 25, 27, 28, 28, 27, 27, 27, 
    28, 30, 27, 27, 27, 28, 28, 27, 27, 28, 28, 28, 26, 24, 23, 
    23, 25, 24, 26, 27, 27, 26, 27, 28, 27, 27, 28, 26, 27, 28, 
    28, 27, 28, 27, 28, 26, 26, 27), Argila = c(43, 42, 41, 40, 
    41, 43, 43, 46, 45, 43, 43, 46, 46, 45, 43, 45, 44, 44, 44, 
    44, 45, 44, 46, 44, 43, 44, 42, 41, 43, 43, 44, 42, 46, 43, 
    43, 44, 44, 46, 45, 45, 49, 46, 47, 45, 46, 45, 44, 43, 43, 
    44, 43, 46, 43, 45, 44, 46, 44, 46, 46, 46, 44, 44, 46, 45, 
    46, 45, 47, 46, 48, 45, 46, 44, 44, 44, 46, 44, 43, 42, 43, 
    46, 47, 45, 43, 48, 46, 47, 44, 44, 47, 43, 46, 42, 43, 42, 
    43, 42, 43, 42, 44, 43, 42, 43, 43, 40, 39, 39, 40, 43, 44, 
    41, 42, 43, 42, 41, 40, 40, 39, 38, 37, 37, 40, 39, 45, 39, 
    40, 42, 44, 45, 44, 43, 42, 41, 43, 42, 42, 42, 41, 39, 42, 
    38, 39, 42, 38, 38, 40, 40, 42, 41, 38, 37, 49, 48, 47, 48, 
    46, 45, 46, 44, 45, 40, 43, 41, 39, 41, 42, 38, 40, 40, 38, 
    39, 41, 40, 41, 39, 37, 45, 47, 47, 49, 46, 43, 41, 42, 41, 
    43, 44, 42, 42, 44, 42, 42, 41, 41, 40, 42, 41, 40, 41, 40, 
    38, 48, 49, 51, 49, 49, 47, 43, 41, 41, 44, 43, 42, 40, 37, 
    42, 41, 41, 39, 38, 39, 39, 36, 36, 36, 37, 49, 50, 51, 49, 
    47, 44, 43, 39, 40, 42, 40, 39, 39, 38, 41, 39, 37, 37, 37, 
    37, 35, 36, 38, 38, 37),