`soja98` <-
structure(list(X = c(5.6, 15.2, 24.8, 34.4, 44, 53.6, 63.2, 72.8, 
82.4, 92, 101.6, 111.2, 120.8, 130.4, 140, 149.6, 3.6, 13.2, 
22.8, 32.4, 42, 51.6, 61.2, 70.8, 80.4, 90, 99.6, 109.2, 118.8, 
128.4, 138, 147.6, 3.6, 13.2, 22.8, 32.4, 42, 51.6, 61.2, 70.8, 
80.4, 90, 99.6, 109.2, 118.8, 128.4, 138, 147.6, 5.6, 15.2, 24.8, 
34.4, 44, 53.6, 63.2, 72.8, 82.4, 92, 101.6, 111.2, 120.8, 130.4, 
140, 149.6, 1.6, 11.2, 20.8, 30.4, 40, 49.6, 59.2, 68.8, 78.4, 
88, 97.6, 107.2, 116.8, 126.4, 136, 145.6, 5.6, 15.2, 24.8, 34.4, 
44, 53.6, 63.2, 72.8, 82.4, 92, 101.6, 111.2, 120.8, 130.4, 140, 
149.6, 1.6, 11.2, 20.8, 30.4, 40, 49.6, 59.2, 68.8, 78.4, 88, 
97.6, 107.2, 116.8, 126.4, 136, 145.6, 5.6, 15.2, 24.8, 34.4, 
44, 53.6, 63.2, 72.8, 82.4, 92, 101.6, 111.2, 120.8, 130.4, 140, 
149.6, 2.6, 12.2, 21.8, 31.4, 41, 50.6, 60.2, 69.8, 79.4, 89, 
98.6, 108.2, 117.8, 127.4, 137, 146.6, 5.6, 15.2, 24.8, 34.4, 
44, 53.6, 63.2, 72.8, 82.4, 92, 101.6, 111.2, 120.8, 130.4, 140, 
149.6, 2.6, 12.2, 21.8, 31.4, 41, 50.6, 60.2, 69.8, 79.4, 89, 
98.6, 108.2, 117.8, 127.4, 137, 146.6, 4.6, 14.2, 23.8, 33.4, 
43, 52.6, 62.2, 71.8, 81.4, 91, 100.6, 110.2, 119.8, 129.4, 139, 
148.6, 3.6, 13.2, 22.8, 32.4, 42, 51.6, 61.2, 70.8, 80.4, 90, 
99.6, 109.2, 118.8, 128.4, 138, 147.6, 3.6, 13.2, 22.8, 32.4, 
42, 51.6, 61.2, 70.8, 80.4, 90, 99.6, 109.2, 118.8, 128.4, 138, 
147.6, 4.6, 14.2, 23.8, 33.4, 43, 52.6, 62.2, 71.8, 81.4, 91, 
100.6, 110.2, 119.8, 129.4, 139, 148.6, 1.6, 11.2, 20.8, 30.4, 
40, 49.6, 59.2, 68.8, 78.4, 88, 97.6, 107.2, 116.8, 126.4, 136, 
145.6), Y = c(3.6, 1.6, 4.6, 5.6, 1.6, 1.6, 2.6, 4.6, 3.6, 2.6, 
3.6, 5.6, 2.6, 2.6, 1.6, 4.6, 10.8, 8.8, 11.8, 12.8, 8.8, 8.8, 
9.8, 11.8, 10.8, 9.8, 10.8, 12.8, 9.8, 9.8, 8.8, 11.8, 18, 16, 
19, 20, 16, 16, 17, 19, 18, 17, 18, 20, 17, 17, 16, 19, 25.2, 
23.2, 26.2, 27.2, 23.2, 23.2, 24.2, 26.2, 25.2, 24.2, 25.2, 27.2, 
24.2, 24.2, 23.2, 26.2, 32.4, 30.4, 33.4, 34.4, 30.4, 30.4, 31.4, 
33.4, 32.4, 31.4, 32.4, 34.4, 31.4, 31.4, 30.4, 33.4, 39.6, 37.6, 
40.6, 41.6, 37.6, 37.6, 38.6, 40.6, 39.6, 38.6, 39.6, 41.6, 38.6, 
38.6, 37.6, 40.6, 46.8, 44.8, 47.8, 48.8, 44.8, 44.8, 45.8, 47.8, 
46.8, 45.8, 46.8, 48.8, 45.8, 45.8, 44.8, 47.8, 54, 52, 55, 56, 
52, 52, 53, 55, 54, 53, 54, 56, 53, 53, 52, 55, 61.2, 59.2, 62.2, 
63.2, 59.2, 59.2, 60.2, 62.2, 61.2, 60.2, 61.2, 63.2, 60.2, 60.2, 
59.2, 62.2, 68.4, 66.4, 69.4, 70.4, 66.4, 66.4, 67.4, 69.4, 68.4, 
67.4, 68.4, 70.4, 67.4, 67.4, 66.4, 69.4, 75.6, 73.6, 76.6, 77.6, 
73.6, 73.6, 74.6, 76.6, 75.6, 74.6, 75.6, 77.6, 74.6, 74.6, 73.6, 
76.6, 82.8, 80.8, 83.8, 84.8, 80.8, 80.8, 81.8, 83.8, 82.8, 81.8, 
82.8, 84.8, 81.8, 81.8, 80.8, 83.8, 90, 88, 91, 92, 88, 88, 89, 
91, 90, 89, 90, 92, 89, 89, 88, 91, 97.2, 95.2, 98.2, 99.2, 95.2, 
95.2, 96.2, 98.2, 97.2, 96.2, 97.2, 99.2, 96.2, 96.2, 95.2, 98.2, 
104.4, 102.4, 105.4, 106.4, 102.4, 102.4, 103.4, 105.4, 104.4, 
103.4, 104.4, 106.4, 103.4, 103.4, 102.4, 105.4, 111.6, 109.6, 
112.6, 113.6, 109.6, 109.6, 110.6, 112.6, 111.6, 110.6, 111.6, 
113.6, 110.6, 110.6, 109.6, 112.6), P = c(4.4, 3.7, 3.5, 3.9, 
3.6, 3.7, 2.9, 2.2, 3, 2.7, 2.7, 2.8, 3.5, 2.3, 3.1, 4.4, 2.9, 
4.1, 6, 3.7, 3, 4.5, 2.3, 2.2, 4.6, 3.3, 2.9, 2.7, 2.7, 2.7, 
2.5, 3.7, 3, 3.9, 4.8, 3, 3, 10.2, 2.5, 3.1, 2.5, 3, 2.7, 3, 
3.7, 2.5, 3, 4.1, 4.5, 3.7, 3.8, 3.7, 3.7, 4.7, 3.5, 3.3, 3.3, 
3.3, 5, 5.2, 5.2, 4.6, 4.8, 4.7, 3.3, 2.7, 3.9, 2.5, 3.1, 3, 
2.9, 4.1, 4.3, 3.1, 3.4, 3.9, 4.7, 4.1, 3.5, 3.6, 2.7, 3.3, 4.1, 
3, 2.9, 3.6, 3, 4.5, 4.7, 4.5, 3.5, 3.6, 3.9, 5.7, 5.8, 4.5, 
2.9, 2, 2.7, 3.4, 2.8, 3.5, 5.9, 3.5, 3, 3.7, 3.4, 3.1, 3, 6.1, 
2.5, 3, 3.9, 2.8, 4.2, 3.1, 5, 5.9, 3.3, 3.3, 3, 3.8, 4.5, 3.4, 
2.7, 3.8, 4.1, 3.1, 4.1, 3.9, 3, 4.8, 3.1, 3.1, 3.3, 3.6, 4.5, 
3.8, 5.2, 5.9, 4.4, 4.1, 3.8, 3.5, 4.4, 2.7, 3.3, 2.5, 6.5, 4.5, 
3.6, 3.4, 5.9, 5.4, 5.4, 3.8, 3.7, 3.9, 3.8, 5.2, 3, 3.6, 2.8, 
3, 2.3, 2.5, 4.4, 13.1, 4.5, 5.8, 6.1, 4.4, 4.1, 3.8, 4.1, 5.2, 
3.4, 3.6, 3.4, 3.5, 3.1, 3.5, 3, 4.6, 4.5, 6.7, 4.1, 3.9, 3.4, 
4.1, 2.8, 4.1, 3.3, 6.7, 3.3, 5.1, 4.1, 5.5, 4.9, 4.5, 5.9, 4.5, 
5.4, 6.9, 6.2, 3.7, 9.1, 4.8, 6.4, 4.4, 5.2, 4.5, 5.5, 4.2, 4.9, 
4.1, 4.1, 5.1, 6.4, 5.6, 4.5, 6.2, 6.1, 3.8, 5.6, 3.6, 3.8, 4.8, 
3.5, 4.1, 3.7, 3.3, 4.5, 5.9, 4.2, 4.2, 4.1, 4.1, 3.7, 4.4, 4.1, 
3.7, 3.9, 2.9, 6.7, 3.9, 4.3, 3.3, 3.7, 5.2, 6.2, 3.4, 4.5, 3.1, 
3.7, 5.5), PH = c(6.3, 6.3, 5.4, 5.2, 5.6, 5.2, 5.2, 5.6, 5.7, 
5.4, 5.6, 5.7, 5.7, 5.8, 6.3, 6.4, 6.4, 6, 4.7, 4.7, 4.6, 4.5, 
4.7, 4.8, 5.1, 5.2, 5.3, 5.3, 5.7, 5.3, 5.5, 5.8, 5.3, 5.1, 4.4, 
4.9, 4.9, 4.8, 4.9, 4.8, 5.1, 5, 5.1, 5, 5.7, 5.4, 4.6, 4.9, 
4.7, 4.7, 4.8, 4.9, 5, 5, 4.9, 4.9, 4.9, 5.2, 6.1, 5.9, 6.6, 
5.9, 4.9, 5, 5.4, 5.8, 5.4, 5.7, 5.6, 5.3, 5.2, 5.3, 5.6, 5.3, 
6.3, 6.1, 6.5, 5.7, 5.5, 5.3, 5.4, 5.2, 4.7, 4.8, 5, 5, 4.8, 
5.2, 5.1, 5.4, 5.6, 5.6, 5.9, 5.6, 5.4, 5.2, 5.8, 5.5, 5.2, 5.3, 
5.7, 4.9, 5.1, 5.3, 5.4, 5.3, 5, 5.2, 5.6, 5.6, 5.6, 5.7, 5.5, 
5.7, 5.6, 5.2, 4.8, 5, 5, 5, 4.9, 5.3, 5.4, 5.2, 5.3, 5.5, 5.2, 
5.1, 5.1, 5.1, 5.7, 5.2, 5.2, 5.2, 5.1, 5.6, 5.2, 5.5, 5.3, 5.2, 
5.1, 4.8, 5.2, 5.3, 5.6, 5.6, 6, 5.4, 5.6, 5.1, 5, 5.3, 5.6, 
5.4, 5.1, 5.1, 5, 5, 5.1, 5, 4.9, 5, 5, 4.8, 4.9, 5, 4.6, 4.9, 
5.1, 5.1, 5, 4.9, 4.9, 4.6, 5, 4.9, 5.1, 5.3, 5.1, 4.7, 4.7, 
4.6, 4.5, 4.5, 4.7, 4.7, 4.9, 4.6, 4.7, 4.5, 4.3, 4.6, 5.2, 5.1, 
5.3, 5, 5.1, 4.7, 5.2, 5, 5.1, 4.9, 4.7, 4.7, 4.4, 4.5, 4.3, 
4.4, 4.6, 4.8, 4.8, 5, 4.9, 4.8, 4.7, 4.4, 4.5, 4.6, 4.5, 4.5, 
4.4, 4.3, 4.2, 4.6, 4.8, 4.7, 4.6, 4.7, 4.5, 4.8, 4.7, 4.6, 4.5, 
4.7, 4.3, 4.5, 4.4, 4.6, 5, 5.9, 4.9, 4.7, 4.7, 4.9, 4.7, 5.1, 
4.8, 4.7, 4.8, 4.5, 4.5, 4.6, 4.6, 5.2, 5.5, 5.2), K = c(0.53, 
0.38, 0.47, 0.48, 0.52, 0.45, 0.47, 0.42, 0.36, 0.35, 0.38, 0.35, 
0.32, 0.26, 0.3, 0.29, 0.34, 0.34, 0.39, 0.42, 0.37, 0.34, 0.32, 
0.29, 0.26, 0.31, 0.28, 0.22, 0.2, 0.26, 0.24, 0.32, 0.3, 0.41, 
0.42, 0.39, 0.4, 0.39, 0.22, 0.29, 0.3, 0.3, 0.29, 0.3, 0.27, 
0.24, 0.29, 0.35, 0.38, 0.35, 0.42, 0.37, 0.34, 0.29, 0.2, 0.25, 
0.19, 0.3, 0.28, 0.29, 0.29, 0.28, 0.3, 0.33, 0.35, 0.38, 0.38, 
0.28, 0.31, 0.29, 0.24, 0.24, 0.24, 0.21, 0.17, 0.21, 0.23, 0.29, 
0.28, 0.26, 0.23, 0.23, 0.26, 0.24, 0.2, 0.2, 0.21, 0.27, 0.28, 
0.32, 0.23, 0.29, 0.29, 0.2, 0.28, 0.35, 0.28, 0.22, 0.23, 0.24, 
0.28, 0.22, 0.25, 0.29, 0.32, 0.3, 0.25, 0.34, 0.3, 0.38, 0.24, 
0.28, 0.31, 0.26, 0.3, 0.33, 0.34, 0.74, 0.36, 0.35, 0.3, 0.35, 
0.36, 0.39, 0.34, 0.39, 0.5, 0.5, 0.38, 0.35, 0.4, 0.4, 0.24, 
0.29, 0.29, 0.28, 0.36, 0.39, 0.52, 0.45, 0.44, 0.39, 0.53, 0.55, 
0.4, 0.32, 0.31, 0.32, 0.32, 0.36, 0.25, 0.21, 0.31, 0.38, 0.5, 
0.48, 0.44, 0.38, 0.37, 0.32, 0.21, 0.34, 0.26, 0.25, 0.2, 0.24, 
0.26, 0.4, 0.36, 0.44, 0.48, 0.46, 0.42, 0.4, 0.28, 0.3, 0.3, 
0.31, 0.22, 0.27, 0.38, 0.32, 0.3, 0.52, 0.43, 0.56, 0.5, 0.4, 
0.3, 0.29, 0.26, 0.19, 0.21, 0.36, 0.26, 0.26, 0.38, 0.31, 0.38, 
0.32, 0.47, 0.45, 0.42, 0.47, 0.32, 0.22, 0.22, 0.38, 0.36, 0.22, 
0.41, 0.44, 0.45, 0.32, 0.44, 0.4, 0.49, 0.43, 0.43, 0.32, 0.28, 
0.26, 0.27, 0.27, 0.37, 0.32, 0.22, 0.3, 0.31, 0.37, 0.38, 0.41, 
0.32, 0.34, 0.29, 0.26, 0.22, 0.32, 0.26, 0.48, 0.26, 0.27, 0.24, 
0.25, 0.3, 0.46, 0.44, 0.42, 0.32, 0.3, 0.31, 0.3, 0.24, 0.23, 
0.37, 0.39),