"tce" <-
structure(list(coords = structure(c(0, 0, 0, 0, 0, 0, 0, 0, 0, 
0, 70, 70, 70, 70, 70, 70, 70, 70, 70, 110, 110, 110, 110, 110, 
110, 110, 110, 150, 150, 150, 150, 150, 150, 150, 150, 150, 200, 
200, 200, 200, 200, 200, 200, 200, 200, 270, 270, 270, 270, 270, 
270, 270, 370, 370, 370, 370, -45, -50, -55, -60, -65, -70, -75, 
-80, -85, -90, -45, -50, -55, -60, -65, -70, -75, -80, -85, -45, 
-50, -55, -60, -65, -70, -75, -80, -45, -50, -55, -60, -65, -70, 
-75, -80, -85, -45, -50, -55, -60, -65, -70, -75, -80, -85, -45, 
-50, -55, -60, -65, -70, -75, -55, -65, -70, -75), .Dim = as.integer(c(56, 
2)), .Dimnames = list(NULL, c("x", "y"))), data = c(10, 10, 64, 
542, 346, 191, 85, 30, 7.4, 14.6, 12, 23, 187, 164, 701, 21300, 
18600, 622, 1390, 40, 42, 655, 21600, 67700, 38900, 584, 2540, 
6, 663, 3750, 8760, 14000, 16100, 12800, 763, 289, 11.4, 1160, 
4270, 9870, 7320, 4030, 273, 190, 522, 67, 55, 136, 708, 882, 
939, 308, 14, 7, 2.5, 2.5)), .Names = c("coords", "data"), class = "geodata")
