"wo" <-
structure(list(coords = structure(c(0, 40, 80, 120, 0, 40, 80, 
120, 0, 40, 80, 120, 0, 40, 80, 120, 0, 0, 0, 0, 40, 40, 40, 
40, 80, 80, 80, 80, 120, 120, 120, 120), .Dim = as.integer(c(16, 
2)), .Dimnames = list(c("1", "2", "3", "4", "5", "6", "7", "8", 
"9", "10", "11", "12", "13", "14", "15", "16"), c("Var1", "Var2"
))), data = c(7, 6, 5.8, 6, 6.9, 6.2, 6.2, 6.2, 7.9, 8, 7.8, 
7.8, 8, 8, 8, 8), x1 = c(60, 60), x2 = c(70, 70)), .Names = c("coords", 
"data", "x1", "x2"), class = "geodata")
