"wolfcamp" <-
structure(list(coords = structure(c(68.851186, -44.090428, -1.871464, 
-29.962712, 155.243957, 174.711819, 142.205349, 144.906708, 149.940455, 
157.085841, 145.836686, 148.942676, 160.095272, -38.720268, -41.93891, 
90.556503, 117.528726, 129.164119, 129.115839, 110.769577, 122.936046, 
103.736844, 69.828446, 62.876179, 181.53143, 87.305674, 9.865139, 
-6.115421, -3.588786, -3.797998, -3.50832, 101.741286, -17.332389, 
-30.544916, -62.071518, 133.798964, -35.083202, -37.915607, -32.363449, 
-26.746918, 48.118704, 162.396601, 163.008143, 166.178506, -23.029386, 
-29.176993, -29.1609, -15.900093, 19.569346, 18.748592, 99.279024, 
111.960475, 107.37391, -58.981622, -31.462229, -34.262448, -35.984422, 
34.02105, 12.359587, -13.405645, 91.248511, 94.94995, 110.978789, 
114.100872, 117.480447, 96.012102, 99.568702, 102.51376, 9.044385, 
29.354018, 137.886639, 169.091377, -163.571406, -233.721716, 
-119.073675, -152.048666, -142.972094, -193.520873, -138.433809, 
-117.142489, -161.205703, -126.862789, -134.68409, -153.867199, 
-140.89607, 44.45399, -14.826161, -24.307187, -37.896311, -57.001223, 
-27.481976, -70.080337, -97.753066, -107.744054, -70.375616, 
-104.477132, -93.742959, -65.740771, 136.406064, 22.643149, -117.737938, 
-130.548135, -140.638579, -137.419936, 12.504426, -6.453378, 
16.720847, -74.65641, -61.170298, -87.643632, 76.941646, -83.169719, 
-95.915543, -112.797322, -106.504876, -106.730181, -33.007178, 
120.876114, 115.726287, 94.177476, 95.126975, -136.760115, -145.788406, 
-125.382214, -133.171328, 120.892208, -123.966011, -123.982104, 
-128.198526, -110.624738, -112.362805, -113.408864, -99.552609, 
-97.991567, -130.789533, -108.645273, -106.537063, -106.327851, 
81.930542, 60.800154, 51.2086, 59.754096, 63.18195, 43.178087, 
12.504426, 114.680228, 103.865589, 124.303969, 98.780135, 101.355048, 
112.813415, 119.572564, 118.944929, -33.666999, -36.386752, 64.067077, 
51.546558, -143.792848, -115.838939, -19.360134, -21.532717, 
-37.497184, -30.96334, -73.449419, -91.586469, -91.908333, -95.239628, 
-86.098684, -103.286234, -113.634169), .Dim = c(85, 2)),
               data = c(446.219025, 
778.140144, 657.74635, 748.270292, 535.218995, 518.760096, 550.153921, 
547.715566, 522.417629, 446.828614, 526.989546, 499.253254, 529.123106, 
449.876558, 670.547716, 609.284038, 512.054619, 550.458716, 512.664208, 
398.061508, 524.855985, 437.989576, 557.164193, 645.554573, 525.770368, 
489.499832, 807.095614, 780.273705, 775.396995, 727.239477, 731.506599, 
535.523789, 427.321771, 415.739584, 528.818312, 419.397117, 831.783962, 
843.061355, 833.917523, 741.26002, 312.109482, 491.023804, 471.821756, 
484.927916, 774.177817, 716.876467, 770.520284, 784.845622, 752.232619, 
806.486025, 530.03749, 510.225853, 569.355969, 568.441586, 541.619678, 
481.270383, 539.790911, 429.150538, 465.421073, 610.503216, 422.445061, 
331.921119, 421.835472, 313.938249, 332.835502, 353.866317, 431.284099, 
375.201926, 701.027157, 682.129903, 316.376604, 405.986162, 1069.828401, 
1063.732512, 790.636716, 807.705203, 772.044256, 1088.42086, 
856.777104, 831.479167, 955.835289, 778.140144, 852.814776, 820.201774, 
897.92435)), .Names = c("coords", "data"), class = "geodata")
