`wrc` <-
structure(list(CoordX = c(0L, 0L, 0L, 0L, 0L, 0L, 0L, 0L, 0L, 
0L, 0L, 0L, 0L, 0L, 0L, 0L, 0L, 0L, 0L, 0L, 0L, 0L, 0L, 0L, 0L, 
5L, 5L, 5L, 5L, 5L, 5L, 5L, 5L, 5L, 5L, 5L, 5L, 5L, 5L, 5L, 5L, 
5L, 5L, 5L, 5L, 5L, 5L, 5L, 5L, 5L, 10L, 10L, 10L, 10L, 10L, 
10L, 10L, 10L, 10L, 10L, 10L, 10L, 10L, 10L, 10L, 10L, 10L, 10L, 
10L, 10L, 10L, 10L, 10L, 10L, 10L, 15L, 15L, 15L, 15L, 15L, 15L, 
15L, 15L, 15L, 15L, 15L, 15L, 15L, 15L, 15L, 15L, 15L, 15L, 15L, 
15L, 15L, 15L, 15L, 15L, 15L, 20L, 20L, 20L, 20L, 20L, 20L, 20L, 
20L, 20L, 20L, 20L, 20L, 20L, 20L, 20L, 20L, 20L, 20L, 20L, 20L, 
20L, 20L, 20L, 20L, 20L, 25L, 25L, 25L, 25L, 25L, 25L, 25L, 25L, 
25L, 25L, 25L, 25L, 25L, 25L, 25L, 25L, 25L, 25L, 25L, 25L, 25L, 
25L, 25L, 25L, 25L, 30L, 30L, 30L, 30L, 30L, 30L, 30L, 30L, 30L, 
30L, 30L, 30L, 30L, 30L, 30L, 30L, 30L, 30L, 30L, 30L, 30L, 30L, 
30L, 30L, 30L, 35L, 35L, 35L, 35L, 35L, 35L, 35L, 35L, 35L, 35L, 
35L, 35L, 35L, 35L, 35L, 35L, 35L, 35L, 35L, 35L, 35L, 35L, 35L, 
35L, 35L, 40L, 40L, 40L, 40L, 40L, 40L, 40L, 40L, 40L, 40L, 40L, 
40L, 40L, 40L, 40L, 40L, 40L, 40L, 40L, 40L, 40L, 40L, 40L, 40L, 
40L, 45L, 45L, 45L, 45L, 45L, 45L, 45L, 45L, 45L, 45L, 45L, 45L, 
45L, 45L, 45L, 45L, 45L, 45L, 45L, 45L, 45L, 45L, 45L, 45L, 45L
), CoordY = c(0L, 5L, 10L, 15L, 20L, 25L, 30L, 35L, 40L, 45L, 
50L, 55L, 60L, 65L, 70L, 75L, 80L, 85L, 90L, 95L, 100L, 105L, 
110L, 115L, 120L, 0L, 5L, 10L, 15L, 20L, 25L, 30L, 35L, 40L, 
45L, 50L, 55L, 60L, 65L, 70L, 75L, 80L, 85L, 90L, 95L, 100L, 
105L, 110L, 115L, 120L, 0L, 5L, 10L, 15L, 20L, 25L, 30L, 35L, 
40L, 45L, 50L, 55L, 60L, 65L, 70L, 75L, 80L, 85L, 90L, 95L, 100L, 
105L, 110L, 115L, 120L, 0L, 5L, 10L, 15L, 20L, 25L, 30L, 35L, 
40L, 45L, 50L, 55L, 60L, 65L, 70L, 75L, 80L, 85L, 90L, 95L, 100L, 
105L, 110L, 115L, 120L, 0L, 5L, 10L, 15L, 20L, 25L, 30L, 35L, 
40L, 45L, 50L, 55L, 60L, 65L, 70L, 75L, 80L, 85L, 90L, 95L, 100L, 
105L, 110L, 115L, 120L, 0L, 5L, 10L, 15L, 20L, 25L, 30L, 35L, 
40L, 45L, 50L, 55L, 60L, 65L, 70L, 75L, 80L, 85L, 90L, 95L, 100L, 
105L, 110L, 115L, 120L, 0L, 5L, 10L, 15L, 20L, 25L, 30L, 35L, 
40L, 45L, 50L, 55L, 60L, 65L, 70L, 75L, 80L, 85L, 90L, 95L, 100L, 
105L, 110L, 115L, 120L, 0L, 5L, 10L, 15L, 20L, 25L, 30L, 35L, 
40L, 45L, 50L, 55L, 60L, 65L, 70L, 75L, 80L, 85L, 90L, 95L, 100L, 
105L, 110L, 115L, 120L, 0L, 5L, 10L, 15L, 20L, 25L, 30L, 35L, 
40L, 45L, 50L, 55L, 60L, 65L, 70L, 75L, 80L, 85L, 90L, 95L, 100L, 
105L, 110L, 115L, 120L, 0L, 5L, 10L, 15L, 20L, 25L, 30L, 35L, 
40L, 45L, 50L, 55L, 60L, 65L, 70L, 75L, 80L, 85L, 90L, 95L, 100L, 
105L, 110L, 115L, 120L), Densidade = c(1.4605, 1.4487, 1.6127, 
1.5847, 1.5249, 1.5081, 1.6493, 1.6039, 1.4875, 1.5525, 1.482, 
1.4555, 1.428, 1.4958, 1.4895, 1.4809, 1.4277, 1.492, 1.3662, 
1.4966, 1.4747, 1.4829, 1.4768, 1.4952, 1.3976, 1.5354, 1.543, 
1.524, 1.51, 1.5523, 1.4665, 1.537, 1.3327, 1.4674, 1.5115, 1.5329, 
1.4446, 1.4702, 1.4007, 1.5145, 1.4564, 1.4165, 1.3487, 1.4263, 
1.4774, 1.5013, 1.4463, 1.437, 1.4501, 1.385, 1.5417, 1.4424, 
1.479, 1.5712, 1.4285, 1.5393, 1.5329, 1.5002, 1.5046, 1.4988, 
1.5041, 1.471, 1.4582, 1.5029, 1.4835, 1.4934, 1.5998, 1.4275, 
1.3855, 1.4169, 1.5143, 1.4857, 1.537, 1.4546, 1.2717, 1.4859, 
1.4874, 1.4971, 1.5041, 1.4939, 1.5026, 1.5059, 1.4979, 1.6099, 
1.4892, 1.5361, 1.4837, 1.4925, 1.478, 1.349, 1.4943, 1.5215, 
1.4987, 1.4054, 1.4903, 1.5043, 1.5375, 1.3495, 1.4381, 1.489, 
1.4265, 1.4982, 1.2924, 1.5366, 1.5433, 1.5168, 1.5693, 1.5222, 
1.5814, 1.5438, 1.536, 1.4489, 1.615, 1.517, 1.5575, 1.5049, 
1.4533, 1.5563, 1.5616, 1.426, 1.5322, 1.3818, 1.5231, 1.604, 
1.4485, 1.5641, 1.4983, 1.3951, 1.3804, 1.4259, 1.4536, 1.3857, 
1.5277, 1.4559, 1.5166, 1.5309, 1.3347, 1.519, 1.4597, 1.5026, 
1.5119, 1.5624, 1.5077, 1.5104, 1.5109, 1.5478, 1.4596, 1.4848, 
1.6108, 1.4833, 1.4298, 1.3664, 1.4275, 1.4986, 1.5775, 1.6119, 
1.5301, 1.5873, 1.4894, 1.4645, 1.4773, 1.5004, 1.5879, 1.4789, 
1.5299, 1.4066, 1.5107, 1.4768, 1.4326, 1.5196, 1.5241, 1.4155, 
1.4721, 1.5415, 1.5355, 1.6267, 1.5474, 1.4983, 1.676, 1.6464, 
1.5824, 1.4409, 1.4741, 1.4535, 1.4898, 1.3653, 1.4054, 1.4576, 
1.4013, 1.4098, 1.3906, 1.4897, 1.4484, 1.4497, 1.4619, 1.4869, 
1.366, 1.4537, 1.4411, 1.3978, 1.568, 1.7257, 1.7189, 1.7266, 
1.6929, 1.4565, 1.5, 1.4564, 1.4001, 1.4956, 1.4388, 1.4284, 
1.49, 1.5076, 1.4358, 1.4684, 1.4486, 1.4596, 1.366, 1.4221, 
1.4997, 1.5367, 1.5123, 1.5769, 1.4427, 1.6845, 1.5502, 1.5388, 
1.5683, 1.6118, 1.5003, 1.4335, 1.5159, 1.4224, 1.3718, 1.4883, 
1.4005, 1.4541, 1.4404, 1.4775, 1.4499, 1.5825, 1.4474, 1.422, 
1.5108, 1.4719, 1.527, 1.5129, 1.5355, 1.4993), Pr5 = c(0.3334, 
0.3433, 0.295, 0.2985, 0.3109, 0.3206, 0.2781, 0.2958, 0.3357, 
0.2889, 0.3388, 0.3407, 0.3419, 0.3265, 0.3463, 0.3427, 0.3592, 
0.3182, 0.3835, 0.3249, 0.33, 0.3323, 0.3176, 0.3288, 0.3491, 
0.289, 0.2889, 0.3081, 0.2976, 0.2894, 0.3078, 0.2968, 0.3732, 
0.3568, 0.3186, 0.2911, 0.3278, 0.3244, 0.3318, 0.2964, 0.3221, 
0.3385, 0.3641, 0.3346, 0.3182, 0.3043, 0.329, 0.3274, 0.3331, 
0.3464, 0.2977, 0.3456, 0.3219, 0.2869, 0.3413, 0.3019, 0.3024, 
0.3163, 0.3129, 0.3119, 0.3109, 0.333, 0.3448, 0.3055, 0.3109, 
0.3401, 0.2783, 0.356, 0.3416, 0.3259, 0.3148, 0.3198, 0.3103, 
0.3241, 0.5384, 0.3187, 0.3336, 0.2905, 0.3026, 0.3131, 0.3351, 
0.3096, 0.279, 0.2949, 0.3337, 0.3319, 0.3228, 0.335, 0.308, 
0.3494, 0.3006, 0.299, 0.3023, 0.3173, 0.2913, 0.2902, 0.2881, 
0.3539, 0.3294, 0.2974, 0.3445, 0.331, 0.3633, 0.3135, 0.2947, 
0.307, 0.2967, 0.3124, 0.2936, 0.3089, 0.3052, 0.3256, 0.2659, 
0.2813, 0.2852, 0.2858, 0.3248, 0.3073, 0.2751, 0.34, 0.299, 
0.3622, 0.3303, 0.2818, 0.3116, 0.2833, 0.3079, 0.359, 0.3792, 
0.3138, 0.2994, 0.3606, 0.2709, 0.3321, 0.289, 0.3003, 0.3277, 
0.3366, 0.3127, 0.2926, 0.3144, 0.2755, 0.2996, 0.3, 0.3131, 
0.2969, 0.3129, 0.3001, 0.2722, 0.2934, 0.3327, 0.3548, 0.338, 
0.3368, 0.292, 0.2715, 0.3185, 0.299, 0.3041, 0.353, 0.3183, 
0.3388, 0.2988, 0.3201, 0.2906, 0.3316, 0.3067, 0.3096, 0.3059, 
0.3038, 0.33, 0.3008, 0.3293, 0.3294, 0.2437, 0.2856, 0.3049, 
0.3217, 0.2449, 0.2583, 0.2803, 0.3346, 0.3215, 0.3474, 0.3337, 
0.3296, 0.3574, 0.3371, 0.3268, 0.3593, 0.3473, 0.3322, 0.3245, 
0.3367, 0.3309, 0.3271, 0.3927, 0.3605, 0.3417, 0.3626, 0.279, 
0.2374, 0.2461, 0.253, 0.2454, 0.3136, 0.3024, 0.3348, 0.3333, 
0.3085, 0.3209, 0.313, 0.3012, 0.3349, 0.3247, 0.3051, 0.3331, 
0.3066, 0.3631, 0.3279, 0.3051, 0.302, 0.2965, 0.2733, 0.3491, 
0.2563, 0.2876, 0.2716, 0.2668, 0.2487, 0.3008, 0.3202, 0.2992, 
0.3424, 0.3437, 0.3221, 0.3369, 0.331, 0.3092, 0.3226, 0.2951, 
0.2761, 0.297, 0.3652, 0.296, 0.2144, 0.2907, 0.3001, 0.285, 
0.2853),